"time" "sp" "N"
0 1 1
0 2 0
0 3 0
0 4 0
0 5 0
0 6 0
0 7 0
0 8 0
0 9 0
0 10 0
0 11 0
0 12 0
0 13 0
0 14 0
0 15 0
0 16 0
0 17 0
0 18 0
0 19 0
0 20 0
0 21 0
0 22 0
0 23 0
0 24 0
0 25 0
0 26 0
0 27 0
0 28 0
0 29 0
0 30 0
0 31 0
0 32 0
0 33 0
0 34 0
0 35 0
0 36 0
0 37 0
0 38 0
0 39 0
0 40 0
0 41 0
0 42 0
0 43 0
0 44 0
0 45 0
0 46 0
0 47 0
0 48 0
0 49 0
0 50 0
0 51 0
0 52 0
0 53 0
0 54 0
0 55 0
0 56 0
0 57 0
0 58 0
0 59 0
0 60 0
0 61 0
0 62 0
0 63 0
0 64 0
0 65 0
0 66 0
0 67 0
0 68 0
0 69 0
0 70 0
0 71 0
0 72 0
0 73 0
0 74 0
0 75 0
0 76 0
0 77 0
0 78 0
0 79 0
0 80 0
0 81 0
0 82 0
0 83 0
0 84 0
0 85 0
0 86 0
0 87 0
0 88 0
0 89 0
0 90 0
0 91 0
0 92 0
0 93 0
0 94 0
0 95 0
0 96 0
0 97 0
0 98 0
0 99 0
0 100 0
0 101 0
0 102 0
0 103 0
0 104 0
0 105 0
0 106 0
0 107 0
0 108 0
0 109 0
0 110 0
0 111 0
0 112 0
0 113 0
0 114 0
0 115 0
0 116 0
0 117 0
0 118 0
0 119 0
0 120 0
0 121 0
0 122 0
0 123 0
0 124 0
0 125 0
0 126 0
0 127 0
0 128 0
0 129 0
0 130 0
0 131 0
0 132 0
0 133 0
0 134 0
0 135 0
0 136 0
0 137 0
0 138 0
0 139 0
0 140 0
0 141 0
0 142 0
0 143 0
0 144 0
0 145 0
0 146 0
0 147 0
0 148 0
0 149 0
0 150 0
0 151 0
0 152 0
0 153 0
0 154 0
0 155 0
0 156 0
0 157 0
0 158 0
0 159 0
0 160 0
0 161 0
0 162 0
0 163 0
0 164 0
0 165 0
0 166 0
0 167 0
0 168 0
0 169 0
0 170 0
0 171 0
0 172 0
0 173 0
0 174 0
0 175 0
0 176 0
0 177 0
0 178 0
0 179 0
0 180 0
0 181 0
0 182 0
0 183 0
0 184 0
0 185 0
0 186 0
0 187 0
0 188 0
0 189 0
0 190 0
0 191 0
0 192 0
0 193 0
0 194 0
0 195 0
0 196 0
0 197 0
0 198 0
0 199 0
0 200 0
0 201 0
0 202 0
0 203 0
0 204 0
0 205 0
0 206 0
0 207 0
0 208 0
0 209 0
0 210 0
0 211 0
0 212 0
0 213 0
0 214 0
0 215 0
0 216 0
0 217 0
0 218 0
0 219 0
0 220 0
0 221 0
0 222 0
0 223 0
0 224 0
0 225 0
0 226 0
0 227 0
0 228 0
0 229 0
0 230 0
0 231 0
0 232 0
0 233 0
0 234 0
0 235 0
0 236 0
0 237 0
0 238 0
0 239 0
0 240 0
0 241 0
0 242 0
0 243 0
0 244 0
0 245 0
0 246 0
0 247 0
0 248 0
0 249 0
0 250 0
0 251 0
0 252 0
0 253 0
0 254 0
0 255 0
0 256 0
0 257 0
0 258 0
0 259 0
0 260 0
0 261 0
0 262 0
0 263 0
0 264 0
0 265 0
0 266 0
0 267 0
0 268 0
0 269 0
0 270 0
0 271 0
0 272 0
0 273 0
0 274 0
0 275 0
0 276 0
0 277 0
0 278 0
0 279 0
0 280 0
0 281 0
0 282 0
0 283 0
0 284 0
0 285 0
0 286 0
0 287 0
0 288 0
0 289 0
0 290 0
0 291 0
0 292 0
0 293 0
0 294 0
0 295 0
0 296 0
0 297 0
0 298 0
0 299 0
0 300 0
0 301 0
0 302 0
0 303 0
0 304 0
0 305 0
0 306 0
0 307 0
0 308 0
0 309 0
0 310 0
0 311 0
0 312 0
0 313 0
0 314 0
0 315 0
0 316 0
0 317 0
0 318 0
0 319 0
0 320 0
0 321 0
0 322 0
0 323 0
0 324 0
0 325 0
0 326 0
0 327 0
0 328 0
0 329 0
0 330 0
0 331 0
0 332 0
0 333 0
0 334 0
0 335 0
0 336 0
0 337 0
0 338 0
0 339 0
0 340 0
0 341 0
0 342 0
0 343 0
0 344 0
0 345 0
0 346 0
0 347 0
0 348 0
0 349 0
0 350 0
0 351 0
0 352 0
0 353 0
0 354 0
0 355 0
0 356 0
0 357 0
0 358 0
0 359 0
0 360 0
0 361 0
0 362 0
0 363 0
0 364 0
0 365 0
0 366 0
0 367 0
0 368 0
0 369 0
0 370 0
0 371 0
0 372 0
0 373 0
0 374 0
0 375 0
0 376 0
0 377 0
0 378 0
0 379 0
0 380 0
0 381 0
0 382 0
0 383 0
0 384 0
0 385 0
0 386 0
0 387 0
0 388 0
0 389 0
0 390 0
0 391 0
0 392 0
0 393 0
0 394 0
0 395 0
0 396 0
0 397 0
0 398 0
0 399 0
0 400 0
0 401 0
0 402 0
0 403 0
0 404 0
0 405 0
0 406 0
0 407 0
0 408 0
0 409 0
0 410 0
0 411 0
0 412 0
0 413 0
0 414 0
0 415 0
0 416 0
0 417 0
0 418 0
0 419 0
0 420 0
0 421 0
0 422 0
0 423 0
0 424 0
0 425 0
0 426 0
0 427 0
0 428 0
0 429 0
0 430 0
0 431 0
0 432 0
0 433 0
0 434 0
0 435 0
0 436 0
0 437 0
0 438 0
0 439 0
0 440 0
0 441 0
0 442 0
0 443 0
0 444 0
0 445 0
0 446 0
0 447 0
0 448 0
0 449 0
0 450 0
0 451 0
0 452 0
0 453 0
0 454 0
0 455 0
0 456 0
0 457 0
0 458 0
0 459 0
0 460 0
0 461 0
0 462 0
0 463 0
0 464 0
0 465 0
0 466 0
0 467 0
0 468 0
0 469 0
0 470 0
0 471 0
0 472 0
0 473 0
0 474 0
0 475 0
0 476 0
0 477 0
0 478 0
0 479 0
0 480 0
0 481 0
0 482 0
0 483 0
0 484 0
0 485 0
0 486 0
0 487 0
0 488 0
0 489 0
0 490 0
0 491 0
0 492 0
0 493 0
0 494 0
0 495 0
0 496 0
100 1 2
100 2 0
100 3 0
100 4 0
100 5 0
100 6 0
100 7 0
100 8 0
100 9 0
100 10 0
100 11 0
100 12 0
100 13 0
100 14 0
100 15 0
100 16 0
100 17 0
100 18 0
100 19 0
100 20 0
100 21 0
100 22 0
100 23 0
100 24 0
100 25 0
100 26 0
100 27 0
100 28 0
100 29 0
100 30 0
100 31 0
100 32 0
100 33 0
100 34 0
100 35 0
100 36 0
100 37 0
100 38 0
100 39 1
100 40 0
100 41 0
100 42 0
100 43 0
100 44 0
100 45 0
100 46 0
100 47 0
100 48 0
100 49 0
100 50 0
100 51 0
100 52 0
100 53 0
100 54 1
100 55 0
100 56 0
100 57 0
100 58 0
100 59 0
100 60 0
100 61 0
100 62 0
100 63 0
100 64 0
100 65 0
100 66 0
100 67 0
100 68 0
100 69 0
100 70 0
100 71 0
100 72 0
100 73 0
100 74 0
100 75 0
100 76 0
100 77 0
100 78 0
100 79 0
100 80 0
100 81 0
100 82 0
100 83 0
100 84 1
100 85 0
100 86 0
100 87 0
100 88 0
100 89 2
100 90 0
100 91 0
100 92 0
100 93 0
100 94 0
100 95 0
100 96 0
100 97 0
100 98 0
100 99 0
100 100 0
100 101 0
100 102 0
100 103 0
100 104 0
100 105 0
100 106 0
100 107 0
100 108 0
100 109 1
100 110 0
100 111 0
100 112 0
100 113 0
100 114 0
100 115 0
100 116 1
100 117 0
100 118 0
100 119 0
100 120 1
100 121 0
100 122 0
100 123 0
100 124 0
100 125 0
100 126 0
100 127 0
100 128 0
100 129 0
100 130 0
100 131 0
100 132 0
100 133 0
100 134 0
100 135 0
100 136 0
100 137 0
100 138 0
100 139 0
100 140 1
100 141 0
100 142 0
100 143 0
100 144 0
100 145 0
100 146 1
100 147 0
100 148 0
100 149 0
100 150 2
100 151 0
100 152 0
100 153 0
100 154 0
100 155 0
100 156 0
100 157 0
100 158 0
100 159 0
100 160 0
100 161 0
100 162 0
100 163 0
100 164 0
100 165 0
100 166 0
100 167 0
100 168 2
100 169 0
100 170 0
100 171 0
100 172 1
100 173 0
100 174 0
100 175 0
100 176 0
100 177 0
100 178 0
100 179 0
100 180 0
100 181 0
100 182 2
100 183 5
100 184 0
100 185 0
100 186 3
100 187 0
100 188 0
100 189 0
100 190 0
100 191 0
100 192 0
100 193 0
100 194 0
100 195 0
100 196 0
100 197 0
100 198 1
100 199 0
100 200 0
100 201 0
100 202 0
100 203 0
100 204 0
100 205 0
100 206 0
100 207 0
100 208 2
100 209 0
100 210 0
100 211 0
100 212 3
100 213 0
100 214 0
100 215 0
100 216 0
100 217 1
100 218 0
100 219 0
100 220 0
100 221 0
100 222 0
100 223 6
100 224 0
100 225 0
100 226 0
100 227 0
100 228 0
100 229 0
100 230 0
100 231 0
100 232 0
100 233 0
100 234 0
100 235 0
100 236 0
100 237 0
100 238 0
100 239 0
100 240 0
100 241 0
100 242 0
100 243 0
100 244 0
100 245 0
100 246 0
100 247 0
100 248 0
100 249 0
100 250 0
100 251 0
100 252 0
100 253 0
100 254 2
100 255 0
100 256 0
100 257 0
100 258 0
100 259 0
100 260 0
100 261 0
100 262 0
100 263 0
100 264 0
100 265 0
100 266 0
100 267 0
100 268 0
100 269 0
100 270 0
100 271 0
100 272 0
100 273 0
100 274 0
100 275 0
100 276 0
100 277 0
100 278 0
100 279 0
100 280 0
100 281 0
100 282 0
100 283 0
100 284 0
100 285 0
100 286 1
100 287 0
100 288 0
100 289 0
100 290 0
100 291 0
100 292 0
100 293 2
100 294 0
100 295 0
100 296 0
100 297 0
100 298 0
100 299 0
100 300 0
100 301 1
100 302 0
100 303 0
100 304 0
100 305 0
100 306 0
100 307 0
100 308 0
100 309 0
100 310 0
100 311 0
100 312 0
100 313 0
100 314 0
100 315 0
100 316 2
100 317 0
100 318 0
100 319 0
100 320 0
100 321 0
100 322 0
100 323 0
100 324 0
100 325 0
100 326 1
100 327 0
100 328 0
100 329 0
100 330 0
100 331 0
100 332 0
100 333 0
100 334 3
100 335 0
100 336 0
100 337 0
100 338 0
100 339 0
100 340 0
100 341 0
100 342 0
100 343 0
100 344 0
100 345 0
100 346 0
100 347 0
100 348 0
100 349 0
100 350 1
100 351 0
100 352 0
100 353 0
100 354 0
100 355 1
100 356 0
100 357 0
100 358 0
100 359 0
100 360 0
100 361 0
100 362 0
100 363 0
100 364 2
100 365 0
100 366 0
100 367 0
100 368 0
100 369 0
100 370 0
100 371 2
100 372 0
100 373 0
100 374 0
100 375 0
100 376 0
100 377 0
100 378 0
100 379 0
100 380 0
100 381 0
100 382 2
100 383 0
100 384 0
100 385 0
100 386 3
100 387 0
100 388 0
100 389 0
100 390 0
100 391 1
100 392 0
100 393 0
100 394 0
100 395 2
100 396 8
100 397 0
100 398 0
100 399 0
100 400 0
100 401 0
100 402 0
100 403 0
100 404 0
100 405 4
100 406 0
100 407 0
100 408 0
100 409 0
100 410 0
100 411 0
100 412 0
100 413 11
100 414 0
100 415 0
100 416 0
100 417 0
100 418 0
100 419 1
100 420 0
100 421 0
100 422 0
100 423 0
100 424 0
100 425 0
100 426 0
100 427 0
100 428 0
100 429 0
100 430 0
100 431 0
100 432 0
100 433 0
100 434 0
100 435 0
100 436 0
100 437 0
100 438 0
100 439 0
100 440 0
100 441 0
100 442 0
100 443 0
100 444 0
100 445 0
100 446 0
100 447 0
100 448 0
100 449 0
100 450 0
100 451 0
100 452 0
100 453 0
100 454 0
100 455 0
100 456 0
100 457 0
100 458 0
100 459 0
100 460 0
100 461 0
100 462 0
100 463 0
100 464 0
100 465 1
100 466 0
100 467 0
100 468 0
100 469 0
100 470 0
100 471 0
100 472 0
100 473 0
100 474 0
100 475 0
100 476 0
100 477 0
100 478 0
100 479 0
100 480 0
100 481 2
100 482 0
100 483 1
100 484 0
100 485 0
100 486 0
100 487 5
100 488 0
100 489 0
100 490 0
100 491 0
100 492 0
100 493 0
100 494 2
100 495 0
100 496 0
200 1 2
200 2 1
200 3 0
200 4 0
200 5 0
200 6 0
200 7 0
200 8 0
200 9 0
200 10 0
200 11 0
200 12 0
200 13 0
200 14 0
200 15 0
200 16 0
200 17 0
200 18 0
200 19 1
200 20 0
200 21 0
200 22 0
200 23 0
200 24 0
200 25 0
200 26 0
200 27 0
200 28 0
200 29 0
200 30 0
200 31 0
200 32 0
200 33 0
200 34 0
200 35 0
200 36 0
200 37 0
200 38 0
200 39 1
200 40 0
200 41 0
200 42 0
200 43 0
200 44 0
200 45 0
200 46 0
200 47 0
200 48 0
200 49 0
200 50 0
200 51 0
200 52 0
200 53 0
200 54 1
200 55 0
200 56 0
200 57 0
200 58 0
200 59 0
200 60 0
200 61 0
200 62 3
200 63 0
200 64 0
200 65 0
200 66 0
200 67 0
200 68 0
200 69 0
200 70 0
200 71 0
200 72 0
200 73 0
200 74 0
200 75 0
200 76 0
200 77 0
200 78 0
200 79 0
200 80 0
200 81 0
200 82 0
200 83 0
200 84 4
200 85 0
200 86 0
200 87 0
200 88 0
200 89 4
200 90 0
200 91 0
200 92 0
200 93 0
200 94 0
200 95 0
200 96 0
200 97 0
200 98 0
200 99 0
200 100 0
200 101 0
200 102 0
200 103 0
200 104 0
200 105 0
200 106 0
200 107 0
200 108 0
200 109 1
200 110 0
200 111 0
200 112 0
200 113 3
200 114 0
200 115 0
200 116 2
200 117 0
200 118 0
200 119 0
200 120 2
200 121 0
200 122 0
200 123 0
200 124 0
200 125 0
200 126 0
200 127 0
200 128 0
200 129 0
200 130 0
200 131 0
200 132 0
200 133 0
200 134 0
200 135 0
200 136 0
200 137 0
200 138 0
200 139 0
200 140 4
200 141 0
200 142 0
200 143 0
200 144 0
200 145 0
200 146 3
200 147 0
200 148 0
200 149 0
200 150 2
200 151 0
200 152 0
200 153 0
200 154 0
200 155 0
200 156 0
200 157 0
200 158 0
200 159 0
200 160 0
200 161 0
200 162 0
200 163 0
200 164 0
200 165 0
200 166 0
200 167 0
200 168 6
200 169 0
200 170 0
200 171 0
200 172 1
200 173 0
200 174 0
200 175 1
200 176 0
200 177 0
200 178 0
200 179 0
200 180 0
200 181 0
200 182 3
200 183 8
200 184 0
200 185 0
200 186 9
200 187 0
200 188 0
200 189 0
200 190 0
200 191 0
200 192 0
200 193 0
200 194 2
200 195 0
200 196 0
200 197 0
200 198 6
200 199 1
200 200 0
200 201 0
200 202 1
200 203 0
200 204 0
200 205 0
200 206 0
200 207 0
200 208 5
200 209 0
200 210 0
200 211 0
200 212 4
200 213 0
200 214 0
200 215 0
200 216 0
200 217 2
200 218 0
200 219 0
200 220 0
200 221 0
200 222 0
200 223 12
200 224 0
200 225 0
200 226 0
200 227 0
200 228 0
200 229 0
200 230 0
200 231 0
200 232 0
200 233 0
200 234 0
200 235 0
200 236 0
200 237 0
200 238 0
200 239 0
200 240 0
200 241 0
200 242 0
200 243 1
200 244 0
200 245 0
200 246 0
200 247 0
200 248 0
200 249 0
200 250 0
200 251 0
200 252 0
200 253 0
200 254 2
200 255 0
200 256 0
200 257 0
200 258 0
200 259 0
200 260 0
200 261 0
200 262 0
200 263 0
200 264 0
200 265 1
200 266 0
200 267 0
200 268 0
200 269 0
200 270 1
200 271 0
200 272 0
200 273 0
200 274 0
200 275 0
200 276 0
200 277 0
200 278 0
200 279 0
200 280 0
200 281 0
200 282 0
200 283 0
200 284 0
200 285 0
200 286 1
200 287 0
200 288 0
200 289 0
200 290 0
200 291 0
200 292 0
200 293 3
200 294 0
200 295 0
200 296 0
200 297 0
200 298 0
200 299 0
200 300 0
200 301 1
200 302 0
200 303 0
200 304 0
200 305 0
200 306 0
200 307 0
200 308 0
200 309 0
200 310 0
200 311 0
200 312 1
200 313 0
200 314 0
200 315 0
200 316 3
200 317 0
200 318 0
200 319 0
200 320 1
200 321 0
200 322 0
200 323 0
200 324 0
200 325 0
200 326 1
200 327 0
200 328 0
200 329 0
200 330 0
200 331 0
200 332 0
200 333 0
200 334 3
200 335 0
200 336 0
200 337 0
200 338 0
200 339 0
200 340 0
200 341 0
200 342 0
200 343 0
200 344 0
200 345 0
200 346 0
200 347 0
200 348 2
200 349 0
200 350 2
200 351 0
200 352 0
200 353 0
200 354 0
200 355 2
200 356 0
200 357 0
200 358 0
200 359 0
200 360 0
200 361 0
200 362 0
200 363 0
200 364 4
200 365 0
200 366 0
200 367 0
200 368 0
200 369 0
200 370 0
200 371 2
200 372 0
200 373 0
200 374 0
200 375 0
200 376 0
200 377 0
200 378 0
200 379 0
200 380 0
200 381 0
200 382 2
200 383 0
200 384 0
200 385 0
200 386 5
200 387 0
200 388 0
200 389 0
200 390 0
200 391 2
200 392 0
200 393 1
200 394 0
200 395 4
200 396 13
200 397 0
200 398 0
200 399 0
200 400 0
200 401 0
200 402 0
200 403 0
200 404 0
200 405 8
200 406 0
200 407 0
200 408 0
200 409 0
200 410 0
200 411 0
200 412 1
200 413 16
200 414 0
200 415 0
200 416 0
200 417 0
200 418 0
200 419 4
200 420 0
200 421 0
200 422 0
200 423 0
200 424 0
200 425 0
200 426 0
200 427 0
200 428 0
200 429 0
200 430 0
200 431 0
200 432 0
200 433 0
200 434 0
200 435 0
200 436 0
200 437 0
200 438 0
200 439 0
200 440 0
200 441 0
200 442 0
200 443 0
200 444 0
200 445 0
200 446 0
200 447 0
200 448 0
200 449 0
200 450 0
200 451 0
200 452 0
200 453 0
200 454 0
200 455 0
200 456 0
200 457 0
200 458 0
200 459 0
200 460 0
200 461 0
200 462 0
200 463 0
200 464 0
200 465 1
200 466 0
200 467 0
200 468 0
200 469 0
200 470 0
200 471 0
200 472 0
200 473 0
200 474 0
200 475 0
200 476 0
200 477 0
200 478 0
200 479 0
200 480 0
200 481 3
200 482 0
200 483 2
200 484 0
200 485 0
200 486 0
200 487 8
200 488 0
200 489 0
200 490 0
200 491 0
200 492 0
200 493 0
200 494 5
200 495 0
200 496 0
300 1 4
300 2 2
300 3 0
300 4 0
300 5 0
300 6 0
300 7 0
300 8 1
300 9 0
300 10 0
300 11 0
300 12 0
300 13 0
300 14 0
300 15 0
300 16 0
300 17 0
300 18 0
300 19 1
300 20 0
300 21 0
300 22 0
300 23 0
300 24 0
300 25 0
300 26 1
300 27 0
300 28 0
300 29 0
300 30 0
300 31 0
300 32 0
300 33 0
300 34 0
300 35 0
300 36 0
300 37 0
300 38 0
300 39 3
300 40 0
300 41 0
300 42 0
300 43 0
300 44 0
300 45 0
300 46 0
300 47 0
300 48 0
300 49 0
300 50 0
300 51 0
300 52 0
300 53 0
300 54 1
300 55 0
300 56 0
300 57 0
300 58 1
300 59 0
300 60 0
300 61 0
300 62 5
300 63 0
300 64 0
300 65 0
300 66 0
300 67 0
300 68 0
300 69 0
300 70 0
300 71 0
300 72 0
300 73 0
300 74 0
300 75 0
300 76 0
300 77 0
300 78 0
300 79 0
300 80 1
300 81 0
300 82 0
300 83 0
300 84 6
300 85 0
300 86 0
300 87 0
300 88 0
300 89 7
300 90 0
300 91 0
300 92 0
300 93 0
300 94 0
300 95 0
300 96 0
300 97 0
300 98 0
300 99 0
300 100 0
300 101 0
300 102 0
300 103 0
300 104 0
300 105 0
300 106 0
300 107 0
300 108 0
300 109 2
300 110 0
300 111 0
300 112 0
300 113 4
300 114 0
300 115 0
300 116 3
300 117 0
300 118 0
300 119 0
300 120 3
300 121 0
300 122 0
300 123 0
300 124 0
300 125 0
300 126 0
300 127 0
300 128 0
300 129 0
300 130 0
300 131 0
300 132 0
300 133 0
300 134 0
300 135 0
300 136 0
300 137 0
300 138 0
300 139 0
300 140 5
300 141 0
300 142 0
300 143 0
300 144 0
300 145 0
300 146 4
300 147 0
300 148 0
300 149 0
300 150 2
300 151 0
300 152 0
300 153 0
300 154 0
300 155 0
300 156 0
300 157 0
300 158 0
300 159 0
300 160 0
300 161 0
300 162 0
300 163 0
300 164 0
300 165 0
300 166 0
300 167 0
300 168 9
300 169 0
300 170 0
300 171 0
300 172 3
300 173 0
300 174 0
300 175 2
300 176 0
300 177 0
300 178 1
300 179 0
300 180 0
300 181 0
300 182 3
300 183 11
300 184 0
300 185 0
300 186 11
300 187 0
300 188 0
300 189 0
300 190 0
300 191 0
300 192 0
300 193 0
300 194 4
300 195 0
300 196 0
300 197 0
300 198 11
300 199 2
300 200 0
300 201 0
300 202 1
300 203 0
300 204 0
300 205 0
300 206 0
300 207 0
300 208 10
300 209 0
300 210 0
300 211 0
300 212 7
300 213 0
300 214 0
300 215 0
300 216 0
300 217 2
300 218 0
300 219 0
300 220 0
300 221 0
300 222 0
300 223 20
300 224 0
300 225 0
300 226 0
300 227 0
300 228 0
300 229 0
300 230 0
300 231 0
300 232 0
300 233 0
300 234 0
300 235 0
300 236 0
300 237 0
300 238 0
300 239 0
300 240 0
300 241 0
300 242 0
300 243 1
300 244 0
300 245 0
300 246 0
300 247 0
300 248 0
300 249 0
300 250 0
300 251 0
300 252 0
300 253 0
300 254 2
300 255 0
300 256 0
300 257 0
300 258 0
300 259 0
300 260 0
300 261 0
300 262 0
300 263 0
300 264 0
300 265 1
300 266 0
300 267 0
300 268 0
300 269 0
300 270 1
300 271 0
300 272 0
300 273 0
300 274 0
300 275 0
300 276 0
300 277 0
300 278 0
300 279 0
300 280 0
300 281 0
300 282 0
300 283 0
300 284 0
300 285 0
300 286 2
300 287 0
300 288 0
300 289 0
300 290 0
300 291 0
300 292 0
300 293 4
300 294 0
300 295 0
300 296 0
300 297 1
300 298 0
300 299 0
300 300 0
300 301 2
300 302 0
300 303 0
300 304 0
300 305 0
300 306 0
300 307 0
300 308 0
300 309 0
300 310 0
300 311 0
300 312 2
300 313 0
300 314 0
300 315 0
300 316 5
300 317 0
300 318 0
300 319 0
300 320 1
300 321 0
300 322 0
300 323 0
300 324 0
300 325 0
300 326 1
300 327 0
300 328 0
300 329 0
300 330 0
300 331 0
300 332 0
300 333 0
300 334 4
300 335 0
300 336 0
300 337 0
300 338 0
300 339 0
300 340 0
300 341 0
300 342 0
300 343 0
300 344 0
300 345 0
300 346 0
300 347 0
300 348 3
300 349 0
300 350 4
300 351 0
300 352 0
300 353 0
300 354 0
300 355 3
300 356 0
300 357 0
300 358 0
300 359 0
300 360 0
300 361 0
300 362 0
300 363 0
300 364 4
300 365 0
300 366 0
300 367 0
300 368 0
300 369 0
300 370 0
300 371 2
300 372 0
300 373 0
300 374 0
300 375 0
300 376 0
300 377 0
300 378 0
300 379 0
300 380 0
300 381 0
300 382 2
300 383 0
300 384 0
300 385 0
300 386 7
300 387 0
300 388 0
300 389 0
300 390 0
300 391 3
300 392 0
300 393 1
300 394 0
300 395 5
300 396 16
300 397 0
300 398 0
300 399 0
300 400 0
300 401 0
300 402 0
300 403 0
300 404 0
300 405 11
300 406 0
300 407 0
300 408 0
300 409 0
300 410 0
300 411 0
300 412 1
300 413 21
300 414 0
300 415 0
300 416 0
300 417 0
300 418 0
300 419 6
300 420 0
300 421 0
300 422 0
300 423 0
300 424 0
300 425 0
300 426 0
300 427 0
300 428 0
300 429 0
300 430 0
300 431 0
300 432 0
300 433 0
300 434 0
300 435 0
300 436 0
300 437 0
300 438 0
300 439 0
300 440 0
300 441 0
300 442 0
300 443 0
300 444 0
300 445 0
300 446 0
300 447 0
300 448 0
300 449 0
300 450 1
300 451 0
300 452 0
300 453 0
300 454 0
300 455 0
300 456 0
300 457 0
300 458 0
300 459 0
300 460 0
300 461 0
300 462 0
300 463 0
300 464 0
300 465 1
300 466 0
300 467 0
300 468 0
300 469 0
300 470 0
300 471 0
300 472 0
300 473 0
300 474 0
300 475 0
300 476 0
300 477 0
300 478 0
300 479 0
300 480 0
300 481 4
300 482 0
300 483 2
300 484 0
300 485 0
300 486 0
300 487 15
300 488 0
300 489 0
300 490 0
300 491 0
300 492 0
300 493 0
300 494 7
300 495 2
300 496 0
400 1 8
400 2 2
400 3 0
400 4 0
400 5 0
400 6 0
400 7 0
400 8 1
400 9 0
400 10 0
400 11 0
400 12 0
400 13 0
400 14 0
400 15 0
400 16 0
400 17 0
400 18 0
400 19 1
400 20 0
400 21 0
400 22 0
400 23 0
400 24 0
400 25 0
400 26 1
400 27 0
400 28 0
400 29 0
400 30 0
400 31 0
400 32 0
400 33 0
400 34 0
400 35 0
400 36 0
400 37 0
400 38 0
400 39 5
400 40 0
400 41 0
400 42 0
400 43 0
400 44 0
400 45 0
400 46 0
400 47 0
400 48 0
400 49 0
400 50 0
400 51 0
400 52 0
400 53 0
400 54 1
400 55 0
400 56 0
400 57 0
400 58 2
400 59 0
400 60 0
400 61 0
400 62 5
400 63 0
400 64 0
400 65 0
400 66 0
400 67 0
400 68 0
400 69 0
400 70 0
400 71 0
400 72 0
400 73 0
400 74 0
400 75 0
400 76 0
400 77 0
400 78 0
400 79 0
400 80 2
400 81 0
400 82 0
400 83 0
400 84 9
400 85 0
400 86 0
400 87 0
400 88 0
400 89 14
400 90 0
400 91 0
400 92 0
400 93 0
400 94 0
400 95 0
400 96 0
400 97 0
400 98 0
400 99 0
400 100 0
400 101 0
400 102 0
400 103 0
400 104 0
400 105 0
400 106 0
400 107 0
400 108 0
400 109 2
400 110 0
400 111 0
400 112 0
400 113 6
400 114 0
400 115 0
400 116 3
400 117 0
400 118 0
400 119 0
400 120 4
400 121 0
400 122 0
400 123 0
400 124 0
400 125 0
400 126 0
400 127 0
400 128 0
400 129 0
400 130 0
400 131 0
400 132 0
400 133 0
400 134 0
400 135 0
400 136 0
400 137 0
400 138 0
400 139 0
400 140 5
400 141 0
400 142 0
400 143 0
400 144 0
400 145 0
400 146 7
400 147 0
400 148 0
400 149 0
400 150 2
400 151 0
400 152 0
400 153 0
400 154 0
400 155 0
400 156 0
400 157 0
400 158 0
400 159 0
400 160 0
400 161 0
400 162 0
400 163 0
400 164 0
400 165 0
400 166 0
400 167 0
400 168 10
400 169 0
400 170 0
400 171 0
400 172 3
400 173 0
400 174 0
400 175 5
400 176 0
400 177 0
400 178 1
400 179 0
400 180 0
400 181 0
400 182 4
400 183 15
400 184 0
400 185 0
400 186 15
400 187 0
400 188 0
400 189 0
400 190 0
400 191 0
400 192 0
400 193 0
400 194 6
400 195 0
400 196 0
400 197 0
400 198 17
400 199 3
400 200 0
400 201 0
400 202 1
400 203 0
400 204 0
400 205 0
400 206 0
400 207 0
400 208 10
400 209 0
400 210 0
400 211 0
400 212 9
400 213 0
400 214 0
400 215 0
400 216 0
400 217 5
400 218 0
400 219 0
400 220 0
400 221 0
400 222 0
400 223 23
400 224 0
400 225 0
400 226 0
400 227 0
400 228 0
400 229 0
400 230 0
400 231 0
400 232 0
400 233 0
400 234 0
400 235 0
400 236 0
400 237 0
400 238 0
400 239 0
400 240 0
400 241 0
400 242 0
400 243 1
400 244 0
400 245 0
400 246 0
400 247 0
400 248 0
400 249 0
400 250 0
400 251 0
400 252 0
400 253 0
400 254 2
400 255 0
400 256 0
400 257 0
400 258 0
400 259 0
400 260 0
400 261 0
400 262 0
400 263 0
400 264 0
400 265 2
400 266 0
400 267 0
400 268 0
400 269 0
400 270 1
400 271 0
400 272 0
400 273 0
400 274 0
400 275 0
400 276 0
400 277 0
400 278 0
400 279 0
400 280 0
400 281 0
400 282 0
400 283 0
400 284 0
400 285 0
400 286 3
400 287 0
400 288 0
400 289 0
400 290 0
400 291 0
400 292 0
400 293 4
400 294 0
400 295 0
400 296 0
400 297 2
400 298 0
400 299 0
400 300 0
400 301 2
400 302 0
400 303 0
400 304 0
400 305 0
400 306 0
400 307 0
400 308 0
400 309 0
400 310 0
400 311 0
400 312 2
400 313 0
400 314 0
400 315 0
400 316 7
400 317 0
400 318 0
400 319 0
400 320 1
400 321 0
400 322 0
400 323 0
400 324 0
400 325 0
400 326 2
400 327 0
400 328 0
400 329 0
400 330 0
400 331 0
400 332 0
400 333 0
400 334 4
400 335 0
400 336 0
400 337 0
400 338 0
400 339 0
400 340 0
400 341 0
400 342 0
400 343 0
400 344 0
400 345 0
400 346 0
400 347 0
400 348 3
400 349 0
400 350 4
400 351 0
400 352 0
400 353 0
400 354 0
400 355 3
400 356 0
400 357 0
400 358 0
400 359 0
400 360 0
400 361 0
400 362 0
400 363 0
400 364 4
400 365 0
400 366 0
400 367 0
400 368 0
400 369 0
400 370 0
400 371 3
400 372 0
400 373 0
400 374 0
400 375 0
400 376 0
400 377 0
400 378 0
400 379 0
400 380 0
400 381 0
400 382 2
400 383 0
400 384 0
400 385 0
400 386 8
400 387 0
400 388 0
400 389 0
400 390 0
400 391 4
400 392 0
400 393 1
400 394 0
400 395 6
400 396 22
400 397 0
400 398 0
400 399 0
400 400 0
400 401 0
400 402 0
400 403 1
400 404 0
400 405 14
400 406 0
400 407 0
400 408 0
400 409 0
400 410 0
400 411 0
400 412 1
400 413 31
400 414 0
400 415 0
400 416 0
400 417 0
400 418 0
400 419 8
400 420 0
400 421 0
400 422 0
400 423 0
400 424 0
400 425 0
400 426 0
400 427 0
400 428 0
400 429 0
400 430 0
400 431 0
400 432 0
400 433 0
400 434 0
400 435 0
400 436 0
400 437 0
400 438 0
400 439 0
400 440 0
400 441 0
400 442 0
400 443 0
400 444 0
400 445 0
400 446 0
400 447 0
400 448 0
400 449 0
400 450 1
400 451 0
400 452 0
400 453 0
400 454 0
400 455 0
400 456 0
400 457 0
400 458 0
400 459 0
400 460 0
400 461 0
400 462 0
400 463 0
400 464 0
400 465 1
400 466 0
400 467 0
400 468 0
400 469 0
400 470 0
400 471 0
400 472 0
400 473 0
400 474 0
400 475 0
400 476 0
400 477 0
400 478 0
400 479 0
400 480 0
400 481 7
400 482 0
400 483 2
400 484 0
400 485 0
400 486 0
400 487 22
400 488 0
400 489 0
400 490 0
400 491 0
400 492 0
400 493 0
400 494 8
400 495 5
400 496 0
500 1 9
500 2 2
500 3 0
500 4 0
500 5 0
500 6 0
500 7 0
500 8 1
500 9 0
500 10 0
500 11 0
500 12 0
500 13 0
500 14 0
500 15 0
500 16 0
500 17 0
500 18 0
500 19 1
500 20 0
500 21 0
500 22 0
500 23 0
500 24 0
500 25 0
500 26 1
500 27 0
500 28 0
500 29 0
500 30 0
500 31 0
500 32 0
500 33 0
500 34 0
500 35 0
500 36 0
500 37 0
500 38 0
500 39 6
500 40 0
500 41 0
500 42 0
500 43 0
500 44 0
500 45 0
500 46 0
500 47 0
500 48 0
500 49 0
500 50 0
500 51 0
500 52 0
500 53 0
500 54 1
500 55 0
500 56 0
500 57 0
500 58 2
500 59 0
500 60 0
500 61 0
500 62 7
500 63 0
500 64 0
500 65 0
500 66 0
500 67 0
500 68 0
500 69 0
500 70 0
500 71 0
500 72 0
500 73 0
500 74 0
500 75 0
500 76 0
500 77 0
500 78 0
500 79 0
500 80 3
500 81 0
500 82 0
500 83 0
500 84 12
500 85 0
500 86 0
500 87 0
500 88 0
500 89 16
500 90 0
500 91 0
500 92 0
500 93 0
500 94 0
500 95 0
500 96 0
500 97 0
500 98 0
500 99 0
500 100 0
500 101 0
500 102 0
500 103 0
500 104 0
500 105 0
500 106 0
500 107 0
500 108 0
500 109 3
500 110 0
500 111 0
500 112 0
500 113 6
500 114 0
500 115 0
500 116 4
500 117 0
500 118 0
500 119 0
500 120 7
500 121 0
500 122 0
500 123 0
500 124 0
500 125 0
500 126 0
500 127 0
500 128 0
500 129 0
500 130 1
500 131 0
500 132 0
500 133 0
500 134 0
500 135 0
500 136 0
500 137 0
500 138 0
500 139 0
500 140 11
500 141 0
500 142 0
500 143 0
500 144 0
500 145 0
500 146 9
500 147 0
500 148 0
500 149 0
500 150 3
500 151 0
500 152 0
500 153 0
500 154 0
500 155 0
500 156 0
500 157 0
500 158 0
500 159 0
500 160 0
500 161 0
500 162 0
500 163 0
500 164 0
500 165 0
500 166 0
500 167 0
500 168 11
500 169 0
500 170 0
500 171 0
500 172 4
500 173 0
500 174 0
500 175 5
500 176 0
500 177 0
500 178 2
500 179 0
500 180 0
500 181 0
500 182 7
500 183 18
500 184 0
500 185 0
500 186 18
500 187 0
500 188 0
500 189 0
500 190 0
500 191 0
500 192 0
500 193 0
500 194 10
500 195 0
500 196 0
500 197 0
500 198 19
500 199 3
500 200 0
500 201 0
500 202 2
500 203 0
500 204 0
500 205 0
500 206 0
500 207 0
500 208 11
500 209 0
500 210 0
500 211 0
500 212 17
500 213 1
500 214 0
500 215 0
500 216 0
500 217 5
500 218 0
500 219 0
500 220 0
500 221 0
500 222 0
500 223 28
500 224 0
500 225 0
500 226 0
500 227 0
500 228 0
500 229 0
500 230 0
500 231 0
500 232 0
500 233 0
500 234 0
500 235 0
500 236 0
500 237 0
500 238 0
500 239 0
500 240 0
500 241 0
500 242 0
500 243 1
500 244 0
500 245 0
500 246 0
500 247 0
500 248 0
500 249 0
500 250 0
500 251 0
500 252 0
500 253 0
500 254 3
500 255 0
500 256 0
500 257 0
500 258 0
500 259 0
500 260 0
500 261 0
500 262 0
500 263 0
500 264 0
500 265 2
500 266 0
500 267 0
500 268 0
500 269 0
500 270 1
500 271 0
500 272 0
500 273 0
500 274 0
500 275 0
500 276 0
500 277 0
500 278 0
500 279 0
500 280 0
500 281 0
500 282 0
500 283 0
500 284 0
500 285 0
500 286 3
500 287 0
500 288 0
500 289 0
500 290 0
500 291 0
500 292 0
500 293 4
500 294 0
500 295 0
500 296 0
500 297 2
500 298 0
500 299 0
500 300 0
500 301 3
500 302 0
500 303 0
500 304 0
500 305 0
500 306 0
500 307 0
500 308 0
500 309 0
500 310 0
500 311 0
500 312 3
500 313 0
500 314 0
500 315 0
500 316 8
500 317 0
500 318 0
500 319 0
500 320 2
500 321 0
500 322 0
500 323 0
500 324 0
500 325 0
500 326 2
500 327 0
500 328 0
500 329 0
500 330 0
500 331 0
500 332 0
500 333 0
500 334 5
500 335 0
500 336 0
500 337 0
500 338 0
500 339 0
500 340 0
500 341 0
500 342 0
500 343 0
500 344 0
500 345 0
500 346 0
500 347 0
500 348 3
500 349 0
500 350 5
500 351 0
500 352 0
500 353 0
500 354 0
500 355 4
500 356 0
500 357 0
500 358 0
500 359 0
500 360 0
500 361 0
500 362 0
500 363 0
500 364 5
500 365 0
500 366 0
500 367 0
500 368 0
500 369 0
500 370 0
500 371 4
500 372 0
500 373 0
500 374 0
500 375 0
500 376 0
500 377 0
500 378 0
500 379 0
500 380 0
500 381 0
500 382 3
500 383 0
500 384 0
500 385 0
500 386 11
500 387 0
500 388 0
500 389 0
500 390 0
500 391 4
500 392 0
500 393 1
500 394 0
500 395 6
500 396 29
500 397 0
500 398 0
500 399 0
500 400 0
500 401 0
500 402 0
500 403 1
500 404 0
500 405 15
500 406 0
500 407 0
500 408 0
500 409 0
500 410 0
500 411 0
500 412 1
500 413 41
500 414 0
500 415 0
500 416 0
500 417 0
500 418 0
500 419 9
500 420 0
500 421 0
500 422 0
500 423 0
500 424 0
500 425 0
500 426 0
500 427 0
500 428 0
500 429 0
500 430 0
500 431 0
500 432 0
500 433 0
500 434 0
500 435 0
500 436 0
500 437 0
500 438 0
500 439 0
500 440 1
500 441 0
500 442 0
500 443 0
500 444 0
500 445 0
500 446 0
500 447 0
500 448 0
500 449 0
500 450 2
500 451 0
500 452 0
500 453 0
500 454 0
500 455 0
500 456 0
500 457 0
500 458 0
500 459 0
500 460 0
500 461 0
500 462 0
500 463 0
500 464 0
500 465 1
500 466 0
500 467 0
500 468 0
500 469 0
500 470 0
500 471 0
500 472 0
500 473 0
500 474 0
500 475 0
500 476 0
500 477 0
500 478 1
500 479 0
500 480 0
500 481 7
500 482 0
500 483 3
500 484 0
500 485 0
500 486 0
500 487 26
500 488 0
500 489 0
500 490 0
500 491 0
500 492 0
500 493 0
500 494 8
500 495 5
500 496 0
600 1 11
600 2 2
600 3 0
600 4 0
600 5 0
600 6 0
600 7 0
600 8 1
600 9 0
600 10 0
600 11 0
600 12 0
600 13 0
600 14 0
600 15 0
600 16 0
600 17 0
600 18 0
600 19 2
600 20 0
600 21 0
600 22 0
600 23 0
600 24 0
600 25 0
600 26 2
600 27 0
600 28 0
600 29 0
600 30 0
600 31 0
600 32 0
600 33 0
600 34 0
600 35 0
600 36 0
600 37 0
600 38 0
600 39 8
600 40 0
600 41 0
600 42 0
600 43 0
600 44 0
600 45 0
600 46 0
600 47 0
600 48 0
600 49 0
600 50 0
600 51 0
600 52 0
600 53 0
600 54 2
600 55 0
600 56 0
600 57 0
600 58 3
600 59 0
600 60 0
600 61 0
600 62 6
600 63 0
600 64 0
600 65 0
600 66 0
600 67 0
600 68 0
600 69 0
600 70 0
600 71 0
600 72 0
600 73 0
600 74 0
600 75 0
600 76 0
600 77 0
600 78 0
600 79 0
600 80 4
600 81 0
600 82 0
600 83 0
600 84 12
600 85 0
600 86 0
600 87 0
600 88 0
600 89 18
600 90 0
600 91 0
600 92 0
600 93 0
600 94 0
600 95 0
600 96 0
600 97 0
600 98 0
600 99 0
600 100 0
600 101 0
600 102 0
600 103 0
600 104 0
600 105 0
600 106 0
600 107 0
600 108 0
600 109 3
600 110 0
600 111 0
600 112 0
600 113 6
600 114 0
600 115 0
600 116 5
600 117 0
600 118 0
600 119 0
600 120 7
600 121 0
600 122 0
600 123 0
600 124 0
600 125 0
600 126 0
600 127 0
600 128 0
600 129 0
600 130 3
600 131 0
600 132 0
600 133 0
600 134 0
600 135 0
600 136 0
600 137 0
600 138 0
600 139 0
600 140 12
600 141 0
600 142 0
600 143 0
600 144 0
600 145 0
600 146 10
600 147 0
600 148 0
600 149 0
600 150 3
600 151 0
600 152 0
600 153 0
600 154 0
600 155 0
600 156 0
600 157 0
600 158 0
600 159 0
600 160 0
600 161 0
600 162 0
600 163 0
600 164 0
600 165 0
600 166 0
600 167 0
600 168 11
600 169 0
600 170 0
600 171 0
600 172 4
600 173 0
600 174 0
600 175 7
600 176 0
600 177 2
600 178 2
600 179 0
600 180 0
600 181 0
600 182 11
600 183 18
600 184 0
600 185 1
600 186 25
600 187 0
600 188 0
600 189 0
600 190 0
600 191 0
600 192 0
600 193 0
600 194 13
600 195 0
600 196 0
600 197 0
600 198 26
600 199 3
600 200 0
600 201 0
600 202 2
600 203 0
600 204 0
600 205 0
600 206 0
600 207 0
600 208 13
600 209 0
600 210 0
600 211 0
600 212 19
600 213 1
600 214 0
600 215 0
600 216 0
600 217 7
600 218 0
600 219 0
600 220 0
600 221 0
600 222 0
600 223 35
600 224 0
600 225 0
600 226 0
600 227 0
600 228 0
600 229 0
600 230 0
600 231 0
600 232 0
600 233 0
600 234 0
600 235 0
600 236 0
600 237 0
600 238 0
600 239 0
600 240 0
600 241 0
600 242 0
600 243 1
600 244 0
600 245 0
600 246 0
600 247 0
600 248 0
600 249 0
600 250 0
600 251 0
600 252 1
600 253 0
600 254 3
600 255 0
600 256 0
600 257 0
600 258 0
600 259 0
600 260 0
600 261 0
600 262 0
600 263 0
600 264 0
600 265 4
600 266 0
600 267 0
600 268 0
600 269 0
600 270 1
600 271 0
600 272 0
600 273 0
600 274 0
600 275 0
600 276 0
600 277 0
600 278 0
600 279 0
600 280 0
600 281 0
600 282 0
600 283 0
600 284 0
600 285 0
600 286 3
600 287 0
600 288 0
600 289 0
600 290 0
600 291 0
600 292 0
600 293 6
600 294 0
600 295 0
600 296 0
600 297 2
600 298 0
600 299 0
600 300 0
600 301 3
600 302 0
600 303 0
600 304 0
600 305 0
600 306 0
600 307 0
600 308 0
600 309 0
600 310 0
600 311 0
600 312 4
600 313 0
600 314 0
600 315 0
600 316 11
600 317 0
600 318 0
600 319 0
600 320 2
600 321 0
600 322 0
600 323 0
600 324 0
600 325 0
600 326 3
600 327 0
600 328 0
600 329 0
600 330 0
600 331 0
600 332 0
600 333 0
600 334 6
600 335 0
600 336 0
600 337 0
600 338 0
600 339 0
600 340 0
600 341 0
600 342 0
600 343 0
600 344 0
600 345 0
600 346 0
600 347 0
600 348 3
600 349 0
600 350 5
600 351 0
600 352 0
600 353 0
600 354 0
600 355 5
600 356 0
600 357 0
600 358 0
600 359 0
600 360 0
600 361 0
600 362 0
600 363 0
600 364 6
600 365 0
600 366 0
600 367 0
600 368 0
600 369 0
600 370 0
600 371 7
600 372 0
600 373 0
600 374 0
600 375 0
600 376 0
600 377 0
600 378 0
600 379 0
600 380 0
600 381 0
600 382 4
600 383 0
600 384 0
600 385 0
600 386 11
600 387 0
600 388 0
600 389 0
600 390 0
600 391 4
600 392 0
600 393 1
600 394 0
600 395 6
600 396 30
600 397 0
600 398 0
600 399 0
600 400 0
600 401 0
600 402 0
600 403 1
600 404 0
600 405 18
600 406 0
600 407 0
600 408 0
600 409 0
600 410 0
600 411 0
600 412 1
600 413 51
600 414 0
600 415 0
600 416 0
600 417 0
600 418 0
600 419 10
600 420 0
600 421 0
600 422 0
600 423 0
600 424 0
600 425 0
600 426 0
600 427 0
600 428 0
600 429 0
600 430 0
600 431 0
600 432 0
600 433 0
600 434 0
600 435 0
600 436 0
600 437 0
600 438 0
600 439 0
600 440 1
600 441 0
600 442 0
600 443 0
600 444 0
600 445 0
600 446 0
600 447 0
600 448 0
600 449 0
600 450 3
600 451 0
600 452 0
600 453 0
600 454 1
600 455 0
600 456 0
600 457 0
600 458 0
600 459 0
600 460 0
600 461 0
600 462 0
600 463 0
600 464 0
600 465 2
600 466 0
600 467 0
600 468 0
600 469 0
600 470 0
600 471 0
600 472 0
600 473 0
600 474 0
600 475 0
600 476 0
600 477 0
600 478 1
600 479 0
600 480 0
600 481 8
600 482 0
600 483 4
600 484 0
600 485 0
600 486 0
600 487 31
600 488 0
600 489 0
600 490 0
600 491 0
600 492 0
600 493 0
600 494 10
600 495 5
600 496 0
700 1 12
700 2 2
700 3 0
700 4 0
700 5 0
700 6 0
700 7 0
700 8 1
700 9 0
700 10 0
700 11 0
700 12 0
700 13 0
700 14 0
700 15 0
700 16 0
700 17 0
700 18 0
700 19 2
700 20 0
700 21 0
700 22 0
700 23 0
700 24 0
700 25 0
700 26 2
700 27 0
700 28 0
700 29 0
700 30 0
700 31 0
700 32 0
700 33 0
700 34 0
700 35 0
700 36 0
700 37 2
700 38 0
700 39 9
700 40 0
700 41 0
700 42 0
700 43 0
700 44 0
700 45 0
700 46 0
700 47 0
700 48 0
700 49 0
700 50 0
700 51 0
700 52 0
700 53 0
700 54 3
700 55 0
700 56 0
700 57 0
700 58 5
700 59 0
700 60 0
700 61 0
700 62 7
700 63 0
700 64 0
700 65 0
700 66 0
700 67 0
700 68 0
700 69 0
700 70 0
700 71 0
700 72 0
700 73 0
700 74 0
700 75 0
700 76 0
700 77 0
700 78 0
700 79 0
700 80 6
700 81 0
700 82 0
700 83 0
700 84 13
700 85 0
700 86 0
700 87 0
700 88 0
700 89 19
700 90 0
700 91 0
700 92 0
700 93 0
700 94 0
700 95 0
700 96 0
700 97 0
700 98 0
700 99 0
700 100 0
700 101 0
700 102 0
700 103 0
700 104 0
700 105 0
700 106 0
700 107 0
700 108 0
700 109 4
700 110 0
700 111 0
700 112 0
700 113 6
700 114 0
700 115 0
700 116 6
700 117 0
700 118 0
700 119 0
700 120 9
700 121 0
700 122 0
700 123 0
700 124 0
700 125 0
700 126 0
700 127 0
700 128 0
700 129 0
700 130 3
700 131 0
700 132 0
700 133 0
700 134 0
700 135 0
700 136 0
700 137 0
700 138 0
700 139 0
700 140 16
700 141 0
700 142 0
700 143 0
700 144 0
700 145 0
700 146 16
700 147 0
700 148 0
700 149 0
700 150 3
700 151 0
700 152 0
700 153 0
700 154 0
700 155 0
700 156 0
700 157 0
700 158 0
700 159 0
700 160 0
700 161 0
700 162 0
700 163 0
700 164 0
700 165 0
700 166 0
700 167 0
700 168 13
700 169 0
700 170 0
700 171 1
700 172 4
700 173 0
700 174 1
700 175 9
700 176 0
700 177 2
700 178 2
700 179 0
700 180 0
700 181 0
700 182 11
700 183 22
700 184 0
700 185 1
700 186 30
700 187 0
700 188 0
700 189 0
700 190 0
700 191 0
700 192 0
700 193 0
700 194 16
700 195 0
700 196 0
700 197 0
700 198 35
700 199 5
700 200 0
700 201 0
700 202 2
700 203 0
700 204 0
700 205 0
700 206 0
700 207 0
700 208 15
700 209 0
700 210 0
700 211 0
700 212 22
700 213 1
700 214 0
700 215 0
700 216 0
700 217 11
700 218 0
700 219 0
700 220 0
700 221 0
700 222 0
700 223 35
700 224 0
700 225 0
700 226 0
700 227 0
700 228 0
700 229 0
700 230 0
700 231 0
700 232 0
700 233 0
700 234 0
700 235 0
700 236 0
700 237 0
700 238 0
700 239 0
700 240 0
700 241 0
700 242 0
700 243 1
700 244 0
700 245 0
700 246 0
700 247 0
700 248 0
700 249 0
700 250 0
700 251 0
700 252 1
700 253 0
700 254 3
700 255 0
700 256 0
700 257 0
700 258 0
700 259 0
700 260 0
700 261 0
700 262 0
700 263 0
700 264 0
700 265 5
700 266 0
700 267 0
700 268 0
700 269 0
700 270 1
700 271 0
700 272 0
700 273 0
700 274 0
700 275 0
700 276 0
700 277 0
700 278 0
700 279 0
700 280 0
700 281 0
700 282 0
700 283 0
700 284 0
700 285 0
700 286 3
700 287 0
700 288 0
700 289 0
700 290 0
700 291 0
700 292 0
700 293 7
700 294 0
700 295 0
700 296 1
700 297 2
700 298 0
700 299 0
700 300 0
700 301 3
700 302 1
700 303 0
700 304 0
700 305 0
700 306 0
700 307 0
700 308 0
700 309 0
700 310 0
700 311 0
700 312 4
700 313 0
700 314 0
700 315 0
700 316 12
700 317 0
700 318 0
700 319 0
700 320 3
700 321 0
700 322 0
700 323 1
700 324 0
700 325 0
700 326 3
700 327 0
700 328 0
700 329 0
700 330 0
700 331 0
700 332 0
700 333 0
700 334 7
700 335 0
700 336 0
700 337 0
700 338 0
700 339 0
700 340 0
700 341 0
700 342 0
700 343 0
700 344 0
700 345 0
700 346 0
700 347 0
700 348 5
700 349 0
700 350 7
700 351 0
700 352 0
700 353 0
700 354 0
700 355 5
700 356 0
700 357 0
700 358 0
700 359 0
700 360 0
700 361 0
700 362 0
700 363 0
700 364 6
700 365 0
700 366 0
700 367 0
700 368 0
700 369 0
700 370 0
700 371 8
700 372 0
700 373 0
700 374 0
700 375 0
700 376 0
700 377 0
700 378 0
700 379 0
700 380 0
700 381 0
700 382 4
700 383 0
700 384 0
700 385 0
700 386 12
700 387 0
700 388 0
700 389 0
700 390 0
700 391 4
700 392 0
700 393 1
700 394 0
700 395 7
700 396 34
700 397 0
700 398 0
700 399 0
700 400 0
700 401 0
700 402 0
700 403 1
700 404 0
700 405 21
700 406 0
700 407 0
700 408 0
700 409 0
700 410 0
700 411 0
700 412 1
700 413 58
700 414 0
700 415 0
700 416 0
700 417 0
700 418 0
700 419 10
700 420 0
700 421 0
700 422 0
700 423 0
700 424 0
700 425 0
700 426 0
700 427 0
700 428 0
700 429 0
700 430 0
700 431 0
700 432 0
700 433 0
700 434 0
700 435 0
700 436 0
700 437 0
700 438 0
700 439 0
700 440 1
700 441 0
700 442 0
700 443 0
700 444 0
700 445 0
700 446 0
700 447 0
700 448 0
700 449 0
700 450 3
700 451 0
700 452 0
700 453 0
700 454 2
700 455 0
700 456 0
700 457 0
700 458 0
700 459 0
700 460 0
700 461 0
700 462 0
700 463 0
700 464 0
700 465 2
700 466 0
700 467 0
700 468 0
700 469 0
700 470 0
700 471 0
700 472 0
700 473 0
700 474 0
700 475 0
700 476 0
700 477 0
700 478 1
700 479 0
700 480 0
700 481 8
700 482 0
700 483 4
700 484 0
700 485 0
700 486 0
700 487 34
700 488 0
700 489 0
700 490 0
700 491 0
700 492 0
700 493 0
700 494 12
700 495 6
700 496 0
800 1 14
800 2 3
800 3 0
800 4 0
800 5 0
800 6 0
800 7 0
800 8 1
800 9 0
800 10 0
800 11 0
800 12 0
800 13 0
800 14 0
800 15 0
800 16 0
800 17 0
800 18 0
800 19 5
800 20 0
800 21 0
800 22 0
800 23 0
800 24 0
800 25 0
800 26 2
800 27 0
800 28 0
800 29 0
800 30 0
800 31 0
800 32 0
800 33 0
800 34 0
800 35 0
800 36 0
800 37 2
800 38 0
800 39 10
800 40 0
800 41 0
800 42 0
800 43 0
800 44 0
800 45 0
800 46 0
800 47 0
800 48 0
800 49 0
800 50 0
800 51 0
800 52 0
800 53 0
800 54 4
800 55 0
800 56 0
800 57 0
800 58 5
800 59 0
800 60 0
800 61 0
800 62 8
800 63 0
800 64 0
800 65 0
800 66 0
800 67 0
800 68 0
800 69 0
800 70 0
800 71 0
800 72 0
800 73 0
800 74 0
800 75 0
800 76 0
800 77 0
800 78 0
800 79 0
800 80 8
800 81 0
800 82 0
800 83 0
800 84 18
800 85 0
800 86 0
800 87 0
800 88 0
800 89 27
800 90 0
800 91 0
800 92 0
800 93 0
800 94 0
800 95 0
800 96 0
800 97 0
800 98 0
800 99 0
800 100 0
800 101 0
800 102 0
800 103 0
800 104 0
800 105 0
800 106 0
800 107 0
800 108 0
800 109 4
800 110 0
800 111 0
800 112 0
800 113 8
800 114 0
800 115 0
800 116 6
800 117 0
800 118 0
800 119 0
800 120 11
800 121 0
800 122 0
800 123 0
800 124 0
800 125 0
800 126 0
800 127 0
800 128 0
800 129 0
800 130 3
800 131 0
800 132 0
800 133 0
800 134 0
800 135 0
800 136 0
800 137 0
800 138 0
800 139 0
800 140 18
800 141 0
800 142 0
800 143 0
800 144 0
800 145 0
800 146 17
800 147 0
800 148 0
800 149 0
800 150 3
800 151 0
800 152 0
800 153 0
800 154 0
800 155 0
800 156 0
800 157 0
800 158 0
800 159 0
800 160 0
800 161 0
800 162 0
800 163 0
800 164 0
800 165 0
800 166 0
800 167 0
800 168 13
800 169 0
800 170 0
800 171 1
800 172 4
800 173 0
800 174 1
800 175 9
800 176 0
800 177 2
800 178 2
800 179 0
800 180 0
800 181 0
800 182 14
800 183 22
800 184 0
800 185 2
800 186 33
800 187 0
800 188 0
800 189 0
800 190 0
800 191 0
800 192 0
800 193 0
800 194 19
800 195 0
800 196 0
800 197 0
800 198 41
800 199 5
800 200 0
800 201 0
800 202 2
800 203 0
800 204 0
800 205 0
800 206 0
800 207 0
800 208 16
800 209 0
800 210 0
800 211 0
800 212 27
800 213 1
800 214 0
800 215 0
800 216 0
800 217 11
800 218 0
800 219 0
800 220 0
800 221 0
800 222 0
800 223 36
800 224 0
800 225 0
800 226 0
800 227 0
800 228 0
800 229 0
800 230 0
800 231 0
800 232 0
800 233 0
800 234 0
800 235 0
800 236 0
800 237 0
800 238 0
800 239 0
800 240 0
800 241 0
800 242 0
800 243 1
800 244 0
800 245 0
800 246 0
800 247 0
800 248 0
800 249 0
800 250 0
800 251 0
800 252 1
800 253 0
800 254 3
800 255 0
800 256 0
800 257 0
800 258 0
800 259 0
800 260 0
800 261 0
800 262 0
800 263 0
800 264 0
800 265 5
800 266 0
800 267 0
800 268 0
800 269 0
800 270 1
800 271 0
800 272 0
800 273 0
800 274 0
800 275 0
800 276 0
800 277 0
800 278 0
800 279 0
800 280 0
800 281 0
800 282 0
800 283 0
800 284 0
800 285 0
800 286 3
800 287 0
800 288 0
800 289 0
800 290 0
800 291 0
800 292 0
800 293 9
800 294 0
800 295 0
800 296 1
800 297 2
800 298 0
800 299 0
800 300 0
800 301 3
800 302 1
800 303 0
800 304 0
800 305 0
800 306 0
800 307 0
800 308 0
800 309 0
800 310 0
800 311 0
800 312 4
800 313 0
800 314 0
800 315 0
800 316 18
800 317 0
800 318 0
800 319 0
800 320 4
800 321 0
800 322 0
800 323 1
800 324 0
800 325 0
800 326 3
800 327 0
800 328 0
800 329 0
800 330 0
800 331 0
800 332 0
800 333 0
800 334 8
800 335 0
800 336 0
800 337 0
800 338 0
800 339 0
800 340 0
800 341 0
800 342 0
800 343 0
800 344 0
800 345 0
800 346 0
800 347 0
800 348 5
800 349 0
800 350 10
800 351 0
800 352 0
800 353 0
800 354 0
800 355 5
800 356 0
800 357 0
800 358 0
800 359 0
800 360 0
800 361 0
800 362 0
800 363 0
800 364 8
800 365 0
800 366 0
800 367 0
800 368 0
800 369 0
800 370 0
800 371 8
800 372 0
800 373 0
800 374 0
800 375 0
800 376 0
800 377 0
800 378 0
800 379 0
800 380 0
800 381 0
800 382 4
800 383 0
800 384 0
800 385 0
800 386 17
800 387 0
800 388 0
800 389 0
800 390 0
800 391 4
800 392 0
800 393 1
800 394 0
800 395 9
800 396 36
800 397 0
800 398 0
800 399 0
800 400 0
800 401 0
800 402 0
800 403 1
800 404 0
800 405 26
800 406 0
800 407 0
800 408 0
800 409 0
800 410 0
800 411 0
800 412 1
800 413 64
800 414 0
800 415 0
800 416 0
800 417 0
800 418 0
800 419 12
800 420 0
800 421 0
800 422 0
800 423 0
800 424 0
800 425 0
800 426 0
800 427 0
800 428 0
800 429 0
800 430 0
800 431 0
800 432 0
800 433 0
800 434 0
800 435 0
800 436 0
800 437 0
800 438 0
800 439 0
800 440 1
800 441 0
800 442 0
800 443 0
800 444 0
800 445 0
800 446 0
800 447 0
800 448 0
800 449 0
800 450 3
800 451 0
800 452 0
800 453 0
800 454 3
800 455 0
800 456 0
800 457 0
800 458 0
800 459 0
800 460 0
800 461 0
800 462 0
800 463 0
800 464 0
800 465 2
800 466 0
800 467 0
800 468 0
800 469 0
800 470 0
800 471 0
800 472 0
800 473 0
800 474 0
800 475 0
800 476 0
800 477 0
800 478 1
800 479 0
800 480 0
800 481 9
800 482 0
800 483 4
800 484 0
800 485 0
800 486 0
800 487 37
800 488 0
800 489 0
800 490 0
800 491 0
800 492 0
800 493 0
800 494 14
800 495 8
800 496 0
900 1 19
900 2 3
900 3 0
900 4 0
900 5 0
900 6 0
900 7 0
900 8 1
900 9 0
900 10 0
900 11 0
900 12 0
900 13 0
900 14 0
900 15 0
900 16 0
900 17 0
900 18 0
900 19 6
900 20 0
900 21 0
900 22 0
900 23 0
900 24 0
900 25 0
900 26 2
900 27 0
900 28 0
900 29 0
900 30 0
900 31 0
900 32 0
900 33 0
900 34 0
900 35 0
900 36 0
900 37 2
900 38 0
900 39 12
900 40 0
900 41 0
900 42 0
900 43 0
900 44 0
900 45 0
900 46 0
900 47 0
900 48 0
900 49 0
900 50 0
900 51 0
900 52 0
900 53 0
900 54 4
900 55 0
900 56 0
900 57 0
900 58 5
900 59 0
900 60 0
900 61 0
900 62 9
900 63 0
900 64 0
900 65 0
900 66 0
900 67 0
900 68 0
900 69 0
900 70 0
900 71 0
900 72 0
900 73 0
900 74 0
900 75 0
900 76 0
900 77 0
900 78 0
900 79 0
900 80 9
900 81 0
900 82 0
900 83 0
900 84 20
900 85 0
900 86 0
900 87 0
900 88 0
900 89 33
900 90 0
900 91 0
900 92 0
900 93 0
900 94 0
900 95 0
900 96 0
900 97 0
900 98 0
900 99 0
900 100 0
900 101 0
900 102 0
900 103 0
900 104 0
900 105 0
900 106 0
900 107 0
900 108 0
900 109 4
900 110 0
900 111 0
900 112 0
900 113 8
900 114 0
900 115 0
900 116 7
900 117 0
900 118 0
900 119 0
900 120 15
900 121 0
900 122 0
900 123 0
900 124 0
900 125 0
900 126 0
900 127 0
900 128 0
900 129 0
900 130 3
900 131 0
900 132 0
900 133 0
900 134 0
900 135 0
900 136 0
900 137 0
900 138 0
900 139 0
900 140 21
900 141 0
900 142 0
900 143 0
900 144 0
900 145 0
900 146 21
900 147 0
900 148 0
900 149 0
900 150 4
900 151 0
900 152 0
900 153 0
900 154 0
900 155 0
900 156 0
900 157 0
900 158 0
900 159 0
900 160 0
900 161 0
900 162 0
900 163 0
900 164 0
900 165 0
900 166 0
900 167 0
900 168 13
900 169 0
900 170 0
900 171 1
900 172 4
900 173 0
900 174 1
900 175 10
900 176 0
900 177 2
900 178 3
900 179 0
900 180 0
900 181 0
900 182 15
900 183 27
900 184 0
900 185 2
900 186 33
900 187 0
900 188 0
900 189 0
900 190 0
900 191 0
900 192 0
900 193 0
900 194 23
900 195 0
900 196 0
900 197 0
900 198 43
900 199 5
900 200 0
900 201 0
900 202 2
900 203 0
900 204 0
900 205 0
900 206 0
900 207 0
900 208 20
900 209 0
900 210 0
900 211 0
900 212 29
900 213 1
900 214 0
900 215 0
900 216 0
900 217 12
900 218 0
900 219 0
900 220 0
900 221 0
900 222 0
900 223 46
900 224 0
900 225 0
900 226 0
900 227 0
900 228 0
900 229 0
900 230 0
900 231 0
900 232 0
900 233 0
900 234 0
900 235 0
900 236 0
900 237 0
900 238 0
900 239 0
900 240 0
900 241 0
900 242 0
900 243 1
900 244 0
900 245 0
900 246 0
900 247 0
900 248 0
900 249 0
900 250 0
900 251 0
900 252 1
900 253 0
900 254 3
900 255 0
900 256 0
900 257 0
900 258 0
900 259 0
900 260 0
900 261 0
900 262 0
900 263 0
900 264 0
900 265 5
900 266 0
900 267 0
900 268 0
900 269 0
900 270 1
900 271 0
900 272 0
900 273 0
900 274 0
900 275 0
900 276 0
900 277 0
900 278 0
900 279 0
900 280 0
900 281 0
900 282 0
900 283 0
900 284 1
900 285 0
900 286 4
900 287 0
900 288 0
900 289 0
900 290 0
900 291 0
900 292 0
900 293 9
900 294 0
900 295 0
900 296 1
900 297 2
900 298 0
900 299 0
900 300 0
900 301 3
900 302 1
900 303 0
900 304 0
900 305 0
900 306 0
900 307 0
900 308 0
900 309 0
900 310 0
900 311 0
900 312 5
900 313 0
900 314 0
900 315 0
900 316 20
900 317 0
900 318 0
900 319 0
900 320 4
900 321 0
900 322 0
900 323 1
900 324 0
900 325 0
900 326 3
900 327 0
900 328 0
900 329 0
900 330 0
900 331 0
900 332 0
900 333 0
900 334 8
900 335 0
900 336 0
900 337 0
900 338 0
900 339 0
900 340 0
900 341 0
900 342 0
900 343 0
900 344 0
900 345 0
900 346 0
900 347 0
900 348 7
900 349 0
900 350 11
900 351 0
900 352 0
900 353 0
900 354 0
900 355 5
900 356 0
900 357 0
900 358 0
900 359 0
900 360 0
900 361 0
900 362 0
900 363 0
900 364 8
900 365 0
900 366 0
900 367 0
900 368 0
900 369 0
900 370 0
900 371 9
900 372 0
900 373 0
900 374 0
900 375 0
900 376 0
900 377 0
900 378 0
900 379 0
900 380 0
900 381 0
900 382 4
900 383 0
900 384 0
900 385 0
900 386 20
900 387 0
900 388 0
900 389 0
900 390 0
900 391 4
900 392 0
900 393 1
900 394 2
900 395 10
900 396 37
900 397 0
900 398 0
900 399 0
900 400 0
900 401 0
900 402 0
900 403 1
900 404 0
900 405 27
900 406 0
900 407 0
900 408 0
900 409 0
900 410 0
900 411 0
900 412 1
900 413 74
900 414 0
900 415 0
900 416 0
900 417 0
900 418 0
900 419 13
900 420 0
900 421 0
900 422 0
900 423 0
900 424 0
900 425 0
900 426 0
900 427 0
900 428 0
900 429 0
900 430 0
900 431 0
900 432 0
900 433 0
900 434 0
900 435 0
900 436 0
900 437 0
900 438 0
900 439 0
900 440 1
900 441 0
900 442 0
900 443 0
900 444 0
900 445 0
900 446 0
900 447 0
900 448 0
900 449 0
900 450 3
900 451 0
900 452 0
900 453 0
900 454 4
900 455 0
900 456 0
900 457 0
900 458 0
900 459 0
900 460 0
900 461 0
900 462 0
900 463 0
900 464 0
900 465 3
900 466 0
900 467 0
900 468 0
900 469 0
900 470 0
900 471 0
900 472 0
900 473 0
900 474 0
900 475 0
900 476 0
900 477 0
900 478 1
900 479 0
900 480 0
900 481 10
900 482 0
900 483 4
900 484 0
900 485 0
900 486 0
900 487 40
900 488 0
900 489 0
900 490 0
900 491 0
900 492 0
900 493 0
900 494 16
900 495 10
900 496 0
1000 1 19
1000 2 4
1000 3 0
1000 4 0
1000 5 0
1000 6 0
1000 7 0
1000 8 1
1000 9 0
1000 10 0
1000 11 0
1000 12 0
1000 13 0
1000 14 0
1000 15 0
1000 16 0
1000 17 0
1000 18 0
1000 19 8
1000 20 0
1000 21 0
1000 22 0
1000 23 0
1000 24 0
1000 25 0
1000 26 2
1000 27 0
1000 28 0
1000 29 0
1000 30 0
1000 31 0
1000 32 0
1000 33 0
1000 34 0
1000 35 0
1000 36 0
1000 37 2
1000 38 0
1000 39 16
1000 40 0
1000 41 0
1000 42 0
1000 43 0
1000 44 0
1000 45 0
1000 46 0
1000 47 0
1000 48 0
1000 49 0
1000 50 0
1000 51 0
1000 52 0
1000 53 0
1000 54 5
1000 55 0
1000 56 0
1000 57 0
1000 58 5
1000 59 0
1000 60 0
1000 61 0
1000 62 9
1000 63 0
1000 64 0
1000 65 0
1000 66 0
1000 67 0
1000 68 0
1000 69 0
1000 70 0
1000 71 0
1000 72 0
1000 73 0
1000 74 0
1000 75 0
1000 76 0
1000 77 0
1000 78 0
1000 79 0
1000 80 9
1000 81 0
1000 82 0
1000 83 0
1000 84 22
1000 85 0
1000 86 0
1000 87 0
1000 88 0
1000 89 36
1000 90 0
1000 91 0
1000 92 0
1000 93 0
1000 94 0
1000 95 0
1000 96 0
1000 97 0
1000 98 0
1000 99 0
1000 100 0
1000 101 0
1000 102 0
1000 103 0
1000 104 0
1000 105 0
1000 106 0
1000 107 0
1000 108 0
1000 109 5
1000 110 0
1000 111 0
1000 112 0
1000 113 8
1000 114 0
1000 115 0
1000 116 8
1000 117 0
1000 118 0
1000 119 0
1000 120 16
1000 121 0
1000 122 0
1000 123 0
1000 124 0
1000 125 0
1000 126 0
1000 127 0
1000 128 0
1000 129 0
1000 130 4
1000 131 0
1000 132 0
1000 133 0
1000 134 0
1000 135 0
1000 136 0
1000 137 0
1000 138 0
1000 139 0
1000 140 26
1000 141 0
1000 142 0
1000 143 0
1000 144 0
1000 145 0
1000 146 22
1000 147 0
1000 148 0
1000 149 0
1000 150 4
1000 151 0
1000 152 0
1000 153 0
1000 154 0
1000 155 0
1000 156 0
1000 157 0
1000 158 0
1000 159 0
1000 160 0
1000 161 0
1000 162 0
1000 163 0
1000 164 0
1000 165 0
1000 166 0
1000 167 0
1000 168 14
1000 169 0
1000 170 0
1000 171 1
1000 172 4
1000 173 0
1000 174 1
1000 175 10
1000 176 0
1000 177 2
1000 178 3
1000 179 0
1000 180 0
1000 181 0
1000 182 19
1000 183 28
1000 184 0
1000 185 3
1000 186 38
1000 187 0
1000 188 0
1000 189 0
1000 190 0
1000 191 0
1000 192 0
1000 193 0
1000 194 24
1000 195 0
1000 196 0
1000 197 0
1000 198 46
1000 199 6
1000 200 0
1000 201 0
1000 202 2
1000 203 0
1000 204 0
1000 205 0
1000 206 0
1000 207 0
1000 208 24
1000 209 0
1000 210 0
1000 211 0
1000 212 33
1000 213 1
1000 214 0
1000 215 0
1000 216 0
1000 217 15
1000 218 0
1000 219 0
1000 220 0
1000 221 0
1000 222 0
1000 223 54
1000 224 0
1000 225 0
1000 226 0
1000 227 0
1000 228 0
1000 229 0
1000 230 0
1000 231 1
1000 232 0
1000 233 0
1000 234 0
1000 235 0
1000 236 0
1000 237 0
1000 238 0
1000 239 0
1000 240 0
1000 241 0
1000 242 0
1000 243 1
1000 244 0
1000 245 0
1000 246 0
1000 247 0
1000 248 0
1000 249 0
1000 250 0
1000 251 0
1000 252 1
1000 253 0
1000 254 3
1000 255 0
1000 256 0
1000 257 0
1000 258 0
1000 259 0
1000 260 0
1000 261 0
1000 262 0
1000 263 0
1000 264 0
1000 265 5
1000 266 0
1000 267 0
1000 268 0
1000 269 0
1000 270 1
1000 271 0
1000 272 0
1000 273 0
1000 274 0
1000 275 0
1000 276 0
1000 277 0
1000 278 0
1000 279 0
1000 280 0
1000 281 0
1000 282 0
1000 283 0
1000 284 1
1000 285 0
1000 286 4
1000 287 0
1000 288 0
1000 289 0
1000 290 0
1000 291 0
1000 292 0
1000 293 14
1000 294 0
1000 295 0
1000 296 1
1000 297 2
1000 298 0
1000 299 0
1000 300 0
1000 301 3
1000 302 1
1000 303 0
1000 304 0
1000 305 0
1000 306 0
1000 307 0
1000 308 0
1000 309 0
1000 310 0
1000 311 0
1000 312 6
1000 313 0
1000 314 0
1000 315 0
1000 316 23
1000 317 0
1000 318 0
1000 319 0
1000 320 4
1000 321 0
1000 322 0
1000 323 1
1000 324 0
1000 325 0
1000 326 3
1000 327 0
1000 328 0
1000 329 0
1000 330 0
1000 331 0
1000 332 0
1000 333 0
1000 334 9
1000 335 0
1000 336 0
1000 337 0
1000 338 0
1000 339 0
1000 340 0
1000 341 0
1000 342 0
1000 343 0
1000 344 0
1000 345 0
1000 346 0
1000 347 0
1000 348 7
1000 349 0
1000 350 11
1000 351 0
1000 352 0
1000 353 0
1000 354 0
1000 355 5
1000 356 0
1000 357 0
1000 358 0
1000 359 0
1000 360 0
1000 361 0
1000 362 0
1000 363 0
1000 364 8
1000 365 0
1000 366 0
1000 367 0
1000 368 0
1000 369 0
1000 370 0
1000 371 11
1000 372 0
1000 373 0
1000 374 0
1000 375 0
1000 376 0
1000 377 0
1000 378 0
1000 379 0
1000 380 0
1000 381 0
1000 382 6
1000 383 0
1000 384 0
1000 385 0
1000 386 21
1000 387 0
1000 388 0
1000 389 0
1000 390 0
1000 391 4
1000 392 0
1000 393 1
1000 394 3
1000 395 10
1000 396 39
1000 397 0
1000 398 0
1000 399 0
1000 400 0
1000 401 0
1000 402 0
1000 403 1
1000 404 0
1000 405 31
1000 406 0
1000 407 0
1000 408 0
1000 409 0
1000 410 0
1000 411 0
1000 412 1
1000 413 82
1000 414 0
1000 415 0
1000 416 1
1000 417 0
1000 418 0
1000 419 13
1000 420 0
1000 421 0
1000 422 0
1000 423 0
1000 424 0
1000 425 0
1000 426 0
1000 427 0
1000 428 0
1000 429 0
1000 430 0
1000 431 0
1000 432 0
1000 433 0
1000 434 0
1000 435 0
1000 436 0
1000 437 0
1000 438 0
1000 439 0
1000 440 1
1000 441 0
1000 442 0
1000 443 0
1000 444 0
1000 445 0
1000 446 0
1000 447 0
1000 448 0
1000 449 0
1000 450 3
1000 451 0
1000 452 0
1000 453 0
1000 454 4
1000 455 0
1000 456 0
1000 457 0
1000 458 0
1000 459 0
1000 460 0
1000 461 0
1000 462 0
1000 463 0
1000 464 0
1000 465 3
1000 466 0
1000 467 0
1000 468 0
1000 469 0
1000 470 0
1000 471 0
1000 472 0
1000 473 0
1000 474 0
1000 475 0
1000 476 0
1000 477 0
1000 478 1
1000 479 0
1000 480 0
1000 481 10
1000 482 0
1000 483 5
1000 484 0
1000 485 0
1000 486 0
1000 487 45
1000 488 0
1000 489 0
1000 490 0
1000 491 0
1000 492 0
1000 493 0
1000 494 18
1000 495 11
1000 496 0
