"time" "sp" "N"
0 1 1
0 2 0
0 3 0
0 4 0
0 5 0
0 6 0
0 7 0
0 8 0
0 9 0
0 10 0
0 11 0
0 12 0
0 13 0
0 14 0
0 15 0
0 16 0
0 17 0
0 18 0
0 19 0
0 20 0
0 21 0
0 22 0
0 23 0
0 24 0
0 25 0
0 26 0
0 27 0
0 28 0
0 29 0
0 30 0
0 31 0
0 32 0
0 33 0
0 34 0
0 35 0
0 36 0
0 37 0
0 38 0
0 39 0
0 40 0
0 41 0
0 42 0
0 43 0
0 44 0
0 45 0
0 46 0
0 47 0
0 48 0
0 49 0
0 50 0
0 51 0
0 52 0
0 53 0
0 54 0
0 55 0
0 56 0
0 57 0
0 58 0
0 59 0
0 60 0
0 61 0
0 62 0
0 63 0
0 64 0
0 65 0
0 66 0
0 67 0
0 68 0
0 69 0
0 70 0
0 71 0
0 72 0
0 73 0
0 74 0
0 75 0
0 76 0
0 77 0
0 78 0
0 79 0
0 80 0
0 81 0
0 82 0
0 83 0
0 84 0
0 85 0
0 86 0
0 87 0
0 88 0
0 89 0
0 90 0
0 91 0
0 92 0
0 93 0
0 94 0
0 95 0
0 96 0
0 97 0
0 98 0
0 99 0
0 100 0
0 101 0
0 102 0
0 103 0
0 104 0
0 105 0
0 106 0
0 107 0
0 108 0
0 109 0
0 110 0
0 111 0
0 112 0
0 113 0
0 114 0
0 115 0
0 116 0
0 117 0
0 118 0
0 119 0
0 120 0
0 121 0
0 122 0
0 123 0
0 124 0
0 125 0
0 126 0
0 127 0
0 128 0
0 129 0
0 130 0
0 131 0
0 132 0
0 133 0
0 134 0
0 135 0
0 136 0
0 137 0
0 138 0
0 139 0
0 140 0
0 141 0
0 142 0
0 143 0
0 144 0
0 145 0
0 146 0
0 147 0
0 148 0
0 149 0
0 150 0
0 151 0
0 152 0
0 153 0
0 154 0
0 155 0
0 156 0
0 157 0
0 158 0
0 159 0
0 160 0
0 161 0
0 162 0
0 163 0
0 164 0
0 165 0
0 166 0
0 167 0
0 168 0
0 169 0
0 170 0
0 171 0
0 172 0
0 173 0
0 174 0
0 175 0
0 176 0
0 177 0
0 178 0
0 179 0
0 180 0
0 181 0
0 182 0
0 183 0
0 184 0
0 185 0
0 186 0
0 187 0
0 188 0
0 189 0
0 190 0
0 191 0
0 192 0
0 193 0
0 194 0
0 195 0
0 196 0
0 197 0
0 198 0
0 199 0
0 200 0
0 201 0
0 202 0
0 203 0
0 204 0
0 205 0
0 206 0
0 207 0
0 208 0
0 209 0
0 210 0
0 211 0
0 212 0
0 213 0
0 214 0
0 215 0
0 216 0
0 217 0
0 218 0
0 219 0
0 220 0
0 221 0
0 222 0
0 223 0
0 224 0
0 225 0
0 226 0
0 227 0
0 228 0
0 229 0
0 230 0
0 231 0
0 232 0
0 233 0
0 234 0
0 235 0
0 236 0
0 237 0
0 238 0
0 239 0
0 240 0
0 241 0
0 242 0
0 243 0
0 244 0
0 245 0
0 246 0
0 247 0
0 248 0
0 249 0
0 250 0
0 251 0
0 252 0
0 253 0
0 254 0
0 255 0
0 256 0
0 257 0
0 258 0
0 259 0
0 260 0
0 261 0
0 262 0
0 263 0
0 264 0
0 265 0
0 266 0
0 267 0
0 268 0
0 269 0
0 270 0
0 271 0
0 272 0
0 273 0
0 274 0
0 275 0
0 276 0
0 277 0
0 278 0
0 279 0
0 280 0
0 281 0
0 282 0
0 283 0
0 284 0
0 285 0
0 286 0
0 287 0
0 288 0
0 289 0
0 290 0
0 291 0
0 292 0
0 293 0
0 294 0
0 295 0
0 296 0
0 297 0
0 298 0
0 299 0
0 300 0
0 301 0
0 302 0
0 303 0
0 304 0
0 305 0
0 306 0
0 307 0
0 308 0
0 309 0
0 310 0
0 311 0
0 312 0
0 313 0
0 314 0
0 315 0
0 316 0
0 317 0
0 318 0
0 319 0
0 320 0
0 321 0
0 322 0
0 323 0
0 324 0
0 325 0
0 326 0
0 327 0
0 328 0
0 329 0
0 330 0
0 331 0
0 332 0
0 333 0
0 334 0
0 335 0
0 336 0
0 337 0
0 338 0
0 339 0
0 340 0
0 341 0
0 342 0
0 343 0
0 344 0
0 345 0
0 346 0
0 347 0
0 348 0
0 349 0
0 350 0
0 351 0
0 352 0
0 353 0
0 354 0
0 355 0
0 356 0
0 357 0
0 358 0
0 359 0
0 360 0
0 361 0
0 362 0
0 363 0
0 364 0
0 365 0
0 366 0
0 367 0
0 368 0
0 369 0
0 370 0
0 371 0
0 372 0
0 373 0
0 374 0
0 375 0
0 376 0
0 377 0
0 378 0
0 379 0
0 380 0
0 381 0
0 382 0
0 383 0
0 384 0
0 385 0
0 386 0
0 387 0
0 388 0
0 389 0
0 390 0
0 391 0
0 392 0
0 393 0
0 394 0
0 395 0
0 396 0
0 397 0
0 398 0
0 399 0
0 400 0
0 401 0
0 402 0
0 403 0
0 404 0
0 405 0
0 406 0
0 407 0
0 408 0
0 409 0
0 410 0
0 411 0
0 412 0
0 413 0
0 414 0
0 415 0
0 416 0
0 417 0
0 418 0
0 419 0
0 420 0
0 421 0
0 422 0
0 423 0
0 424 0
0 425 0
0 426 0
0 427 0
0 428 0
0 429 0
0 430 0
0 431 0
0 432 0
0 433 0
0 434 0
0 435 0
0 436 0
0 437 0
0 438 0
0 439 0
0 440 0
0 441 0
0 442 0
0 443 0
0 444 0
0 445 0
0 446 0
0 447 0
0 448 0
0 449 0
0 450 0
0 451 0
0 452 0
0 453 0
0 454 0
0 455 0
0 456 0
0 457 0
0 458 0
0 459 0
0 460 0
0 461 0
0 462 0
0 463 0
0 464 0
0 465 0
0 466 0
0 467 0
0 468 0
0 469 0
0 470 0
0 471 0
0 472 0
0 473 0
0 474 0
0 475 0
0 476 0
0 477 0
0 478 0
0 479 0
0 480 0
0 481 0
0 482 0
0 483 0
0 484 0
0 485 0
0 486 0
0 487 0
0 488 0
0 489 0
0 490 0
0 491 0
0 492 0
0 493 0
0 494 0
0 495 0
0 496 0
10000 1 86
10000 2 86
10000 3 0
10000 4 0
10000 5 0
10000 6 0
10000 7 0
10000 8 0
10000 9 0
10000 10 0
10000 11 0
10000 12 0
10000 13 0
10000 14 7
10000 15 0
10000 16 0
10000 17 0
10000 18 2
10000 19 0
10000 20 0
10000 21 0
10000 22 0
10000 23 0
10000 24 0
10000 25 0
10000 26 0
10000 27 0
10000 28 0
10000 29 1
10000 30 0
10000 31 0
10000 32 0
10000 33 101
10000 34 0
10000 35 0
10000 36 0
10000 37 0
10000 38 0
10000 39 477
10000 40 0
10000 41 0
10000 42 0
10000 43 0
10000 44 0
10000 45 0
10000 46 0
10000 47 0
10000 48 0
10000 49 0
10000 50 0
10000 51 0
10000 52 110
10000 53 8
10000 54 192
10000 55 14
10000 56 0
10000 57 0
10000 58 4
10000 59 0
10000 60 0
10000 61 0
10000 62 247
10000 63 0
10000 64 0
10000 65 0
10000 66 0
10000 67 1
10000 68 0
10000 69 0
10000 70 0
10000 71 0
10000 72 0
10000 73 0
10000 74 0
10000 75 0
10000 76 0
10000 77 0
10000 78 0
10000 79 0
10000 80 41
10000 81 0
10000 82 0
10000 83 0
10000 84 175
10000 85 0
10000 86 0
10000 87 0
10000 88 0
10000 89 121
10000 90 0
10000 91 0
10000 92 0
10000 93 0
10000 94 0
10000 95 0
10000 96 0
10000 97 0
10000 98 6
10000 99 0
10000 100 0
10000 101 0
10000 102 0
10000 103 0
10000 104 0
10000 105 0
10000 106 0
10000 107 2
10000 108 0
10000 109 6
10000 110 0
10000 111 0
10000 112 0
10000 113 0
10000 114 0
10000 115 0
10000 116 93
10000 117 0
10000 118 0
10000 119 0
10000 120 155
10000 121 0
10000 122 0
10000 123 0
10000 124 0
10000 125 0
10000 126 0
10000 127 9
10000 128 0
10000 129 0
10000 130 60
10000 131 5
10000 132 0
10000 133 0
10000 134 37
10000 135 0
10000 136 10
10000 137 0
10000 138 0
10000 139 0
10000 140 42
10000 141 0
10000 142 0
10000 143 0
10000 144 0
10000 145 0
10000 146 132
10000 147 0
10000 148 0
10000 149 0
10000 150 3
10000 151 0
10000 152 0
10000 153 0
10000 154 56
10000 155 9
10000 156 0
10000 157 0
10000 158 7
10000 159 0
10000 160 0
10000 161 0
10000 162 0
10000 163 0
10000 164 1
10000 165 27
10000 166 0
10000 167 0
10000 168 298
10000 169 0
10000 170 0
10000 171 108
10000 172 373
10000 173 0
10000 174 1
10000 175 172
10000 176 0
10000 177 79
10000 178 102
10000 179 0
10000 180 84
10000 181 0
10000 182 102
10000 183 359
10000 184 0
10000 185 0
10000 186 446
10000 187 7
10000 188 0
10000 189 0
10000 190 0
10000 191 0
10000 192 0
10000 193 0
10000 194 192
10000 195 0
10000 196 0
10000 197 0
10000 198 523
10000 199 34
10000 200 0
10000 201 0
10000 202 0
10000 203 0
10000 204 0
10000 205 13
10000 206 2
10000 207 0
10000 208 5
10000 209 0
10000 210 0
10000 211 0
10000 212 81
10000 213 0
10000 214 0
10000 215 0
10000 216 0
10000 217 245
10000 218 5
10000 219 0
10000 220 0
10000 221 37
10000 222 0
10000 223 155
10000 224 0
10000 225 0
10000 226 0
10000 227 0
10000 228 0
10000 229 0
10000 230 0
10000 231 31
10000 232 0
10000 233 0
10000 234 0
10000 235 0
10000 236 0
10000 237 0
10000 238 0
10000 239 26
10000 240 0
10000 241 3
10000 242 0
10000 243 78
10000 244 0
10000 245 0
10000 246 0
10000 247 0
10000 248 0
10000 249 0
10000 250 28
10000 251 0
10000 252 0
10000 253 0
10000 254 95
10000 255 0
10000 256 0
10000 257 0
10000 258 0
10000 259 0
10000 260 0
10000 261 0
10000 262 0
10000 263 0
10000 264 0
10000 265 4
10000 266 0
10000 267 0
10000 268 0
10000 269 2
10000 270 69
10000 271 0
10000 272 0
10000 273 0
10000 274 0
10000 275 0
10000 276 0
10000 277 0
10000 278 129
10000 279 0
10000 280 0
10000 281 0
10000 282 0
10000 283 0
10000 284 2
10000 285 4
10000 286 478
10000 287 0
10000 288 0
10000 289 0
10000 290 0
10000 291 0
10000 292 1
10000 293 4
10000 294 0
10000 295 0
10000 296 2
10000 297 0
10000 298 0
10000 299 0
10000 300 0
10000 301 4
10000 302 0
10000 303 12
10000 304 0
10000 305 9
10000 306 0
10000 307 0
10000 308 0
10000 309 0
10000 310 0
10000 311 0
10000 312 110
10000 313 0
10000 314 0
10000 315 0
10000 316 22
10000 317 0
10000 318 12
10000 319 1
10000 320 0
10000 321 0
10000 322 0
10000 323 2
10000 324 0
10000 325 0
10000 326 0
10000 327 0
10000 328 0
10000 329 0
10000 330 0
10000 331 0
10000 332 0
10000 333 0
10000 334 141
10000 335 7
10000 336 0
10000 337 0
10000 338 3
10000 339 0
10000 340 86
10000 341 0
10000 342 0
10000 343 0
10000 344 13
10000 345 0
10000 346 0
10000 347 0
10000 348 10
10000 349 0
10000 350 408
10000 351 0
10000 352 0
10000 353 0
10000 354 48
10000 355 0
10000 356 13
10000 357 0
10000 358 0
10000 359 2
10000 360 0
10000 361 0
10000 362 0
10000 363 0
10000 364 121
10000 365 2
10000 366 0
10000 367 0
10000 368 0
10000 369 0
10000 370 0
10000 371 39
10000 372 0
10000 373 3
10000 374 0
10000 375 0
10000 376 0
10000 377 0
10000 378 0
10000 379 0
10000 380 0
10000 381 0
10000 382 4
10000 383 0
10000 384 0
10000 385 0
10000 386 17
10000 387 100
10000 388 0
10000 389 0
10000 390 0
10000 391 0
10000 392 0
10000 393 0
10000 394 0
10000 395 1
10000 396 281
10000 397 0
10000 398 0
10000 399 0
10000 400 0
10000 401 0
10000 402 0
10000 403 0
10000 404 0
10000 405 158
10000 406 0
10000 407 0
10000 408 0
10000 409 0
10000 410 0
10000 411 0
10000 412 93
10000 413 59
10000 414 0
10000 415 0
10000 416 0
10000 417 0
10000 418 0
10000 419 13
10000 420 0
10000 421 0
10000 422 0
10000 423 28
10000 424 0
10000 425 0
10000 426 3
10000 427 0
10000 428 0
10000 429 0
10000 430 0
10000 431 0
10000 432 0
10000 433 0
10000 434 0
10000 435 0
10000 436 0
10000 437 0
10000 438 0
10000 439 0
10000 440 77
10000 441 20
10000 442 0
10000 443 0
10000 444 0
10000 445 0
10000 446 0
10000 447 0
10000 448 2
10000 449 0
10000 450 14
10000 451 0
10000 452 1
10000 453 0
10000 454 54
10000 455 0
10000 456 0
10000 457 0
10000 458 0
10000 459 0
10000 460 0
10000 461 0
10000 462 0
10000 463 75
10000 464 0
10000 465 2
10000 466 0
10000 467 0
10000 468 0
10000 469 0
10000 470 0
10000 471 0
10000 472 0
10000 473 0
10000 474 0
10000 475 0
10000 476 0
10000 477 0
10000 478 0
10000 479 0
10000 480 0
10000 481 133
10000 482 0
10000 483 119
10000 484 0
10000 485 0
10000 486 0
10000 487 81
10000 488 0
10000 489 0
10000 490 0
10000 491 0
10000 492 0
10000 493 0
10000 494 13
10000 495 3
10000 496 0
20000 1 142
20000 2 159
20000 3 0
20000 4 0
20000 5 0
20000 6 0
20000 7 0
20000 8 0
20000 9 0
20000 10 0
20000 11 0
20000 12 0
20000 13 0
20000 14 14
20000 15 0
20000 16 0
20000 17 0
20000 18 2
20000 19 0
20000 20 0
20000 21 0
20000 22 0
20000 23 0
20000 24 0
20000 25 0
20000 26 0
20000 27 0
20000 28 0
20000 29 1
20000 30 0
20000 31 0
20000 32 0
20000 33 183
20000 34 0
20000 35 0
20000 36 0
20000 37 0
20000 38 0
20000 39 865
20000 40 0
20000 41 1
20000 42 0
20000 43 0
20000 44 0
20000 45 0
20000 46 0
20000 47 0
20000 48 0
20000 49 0
20000 50 0
20000 51 0
20000 52 189
20000 53 16
20000 54 347
20000 55 24
20000 56 0
20000 57 0
20000 58 7
20000 59 0
20000 60 0
20000 61 0
20000 62 461
20000 63 0
20000 64 0
20000 65 0
20000 66 0
20000 67 1
20000 68 0
20000 69 0
20000 70 0
20000 71 0
20000 72 0
20000 73 0
20000 74 0
20000 75 0
20000 76 0
20000 77 0
20000 78 0
20000 79 0
20000 80 63
20000 81 0
20000 82 0
20000 83 0
20000 84 334
20000 85 0
20000 86 0
20000 87 0
20000 88 0
20000 89 230
20000 90 0
20000 91 0
20000 92 0
20000 93 0
20000 94 0
20000 95 0
20000 96 0
20000 97 0
20000 98 12
20000 99 0
20000 100 0
20000 101 0
20000 102 0
20000 103 0
20000 104 0
20000 105 0
20000 106 0
20000 107 4
20000 108 0
20000 109 11
20000 110 0
20000 111 0
20000 112 0
20000 113 1
20000 114 0
20000 115 0
20000 116 169
20000 117 1
20000 118 0
20000 119 0
20000 120 289
20000 121 0
20000 122 0
20000 123 0
20000 124 0
20000 125 0
20000 126 0
20000 127 16
20000 128 0
20000 129 0
20000 130 111
20000 131 11
20000 132 0
20000 133 0
20000 134 72
20000 135 0
20000 136 15
20000 137 0
20000 138 0
20000 139 0
20000 140 88
20000 141 0
20000 142 0
20000 143 0
20000 144 0
20000 145 0
20000 146 233
20000 147 0
20000 148 0
20000 149 0
20000 150 8
20000 151 0
20000 152 0
20000 153 0
20000 154 101
20000 155 16
20000 156 0
20000 157 0
20000 158 11
20000 159 0
20000 160 0
20000 161 0
20000 162 0
20000 163 0
20000 164 1
20000 165 48
20000 166 0
20000 167 0
20000 168 501
20000 169 0
20000 170 0
20000 171 203
20000 172 681
20000 173 1
20000 174 1
20000 175 295
20000 176 0
20000 177 182
20000 178 196
20000 179 0
20000 180 172
20000 181 0
20000 182 201
20000 183 631
20000 184 1
20000 185 0
20000 186 821
20000 187 11
20000 188 0
20000 189 0
20000 190 0
20000 191 0
20000 192 0
20000 193 0
20000 194 322
20000 195 0
20000 196 0
20000 197 0
20000 198 956
20000 199 64
20000 200 0
20000 201 0
20000 202 0
20000 203 1
20000 204 0
20000 205 29
20000 206 2
20000 207 0
20000 208 8
20000 209 0
20000 210 0
20000 211 0
20000 212 143
20000 213 0
20000 214 0
20000 215 0
20000 216 0
20000 217 445
20000 218 10
20000 219 0
20000 220 0
20000 221 89
20000 222 0
20000 223 300
20000 224 0
20000 225 0
20000 226 0
20000 227 0
20000 228 0
20000 229 0
20000 230 0
20000 231 70
20000 232 0
20000 233 0
20000 234 0
20000 235 0
20000 236 0
20000 237 0
20000 238 0
20000 239 59
20000 240 0
20000 241 5
20000 242 0
20000 243 125
20000 244 0
20000 245 0
20000 246 0
20000 247 0
20000 248 0
20000 249 0
20000 250 52
20000 251 0
20000 252 0
20000 253 0
20000 254 176
20000 255 0
20000 256 0
20000 257 0
20000 258 0
20000 259 0
20000 260 0
20000 261 0
20000 262 0
20000 263 0
20000 264 0
20000 265 7
20000 266 0
20000 267 0
20000 268 0
20000 269 1
20000 270 125
20000 271 0
20000 272 4
20000 273 0
20000 274 0
20000 275 0
20000 276 0
20000 277 0
20000 278 267
20000 279 0
20000 280 0
20000 281 0
20000 282 0
20000 283 0
20000 284 3
20000 285 5
20000 286 888
20000 287 0
20000 288 0
20000 289 0
20000 290 0
20000 291 0
20000 292 1
20000 293 16
20000 294 0
20000 295 0
20000 296 8
20000 297 0
20000 298 0
20000 299 0
20000 300 0
20000 301 5
20000 302 0
20000 303 22
20000 304 0
20000 305 17
20000 306 0
20000 307 0
20000 308 0
20000 309 0
20000 310 0
20000 311 0
20000 312 209
20000 313 0
20000 314 0
20000 315 0
20000 316 45
20000 317 0
20000 318 19
20000 319 2
20000 320 1
20000 321 0
20000 322 0
20000 323 3
20000 324 0
20000 325 0
20000 326 0
20000 327 0
20000 328 0
20000 329 0
20000 330 0
20000 331 0
20000 332 0
20000 333 0
20000 334 251
20000 335 22
20000 336 0
20000 337 0
20000 338 10
20000 339 0
20000 340 158
20000 341 0
20000 342 0
20000 343 0
20000 344 26
20000 345 0
20000 346 0
20000 347 0
20000 348 20
20000 349 0
20000 350 732
20000 351 0
20000 352 0
20000 353 0
20000 354 83
20000 355 0
20000 356 25
20000 357 0
20000 358 0
20000 359 5
20000 360 0
20000 361 0
20000 362 0
20000 363 0
20000 364 245
20000 365 3
20000 366 0
20000 367 0
20000 368 0
20000 369 0
20000 370 0
20000 371 91
20000 372 0
20000 373 5
20000 374 0
20000 375 0
20000 376 0
20000 377 0
20000 378 0
20000 379 0
20000 380 0
20000 381 0
20000 382 4
20000 383 0
20000 384 0
20000 385 0
20000 386 40
20000 387 196
20000 388 0
20000 389 0
20000 390 0
20000 391 0
20000 392 0
20000 393 0
20000 394 0
20000 395 1
20000 396 502
20000 397 0
20000 398 0
20000 399 0
20000 400 0
20000 401 0
20000 402 0
20000 403 0
20000 404 0
20000 405 293
20000 406 0
20000 407 0
20000 408 0
20000 409 0
20000 410 0
20000 411 0
20000 412 145
20000 413 110
20000 414 0
20000 415 0
20000 416 1
20000 417 0
20000 418 0
20000 419 35
20000 420 0
20000 421 0
20000 422 0
20000 423 48
20000 424 0
20000 425 0
20000 426 6
20000 427 0
20000 428 0
20000 429 0
20000 430 0
20000 431 2
20000 432 0
20000 433 0
20000 434 0
20000 435 0
20000 436 0
20000 437 0
20000 438 0
20000 439 0
20000 440 132
20000 441 40
20000 442 0
20000 443 0
20000 444 0
20000 445 0
20000 446 0
20000 447 0
20000 448 2
20000 449 0
20000 450 30
20000 451 0
20000 452 1
20000 453 0
20000 454 87
20000 455 0
20000 456 0
20000 457 0
20000 458 0
20000 459 0
20000 460 0
20000 461 0
20000 462 0
20000 463 137
20000 464 0
20000 465 4
20000 466 0
20000 467 0
20000 468 0
20000 469 0
20000 470 0
20000 471 0
20000 472 0
20000 473 0
20000 474 0
20000 475 0
20000 476 0
20000 477 0
20000 478 0
20000 479 0
20000 480 0
20000 481 246
20000 482 0
20000 483 203
20000 484 0
20000 485 0
20000 486 0
20000 487 169
20000 488 0
20000 489 0
20000 490 0
20000 491 0
20000 492 0
20000 493 0
20000 494 30
20000 495 5
20000 496 0
30000 1 203
30000 2 225
30000 3 0
30000 4 0
30000 5 0
30000 6 0
30000 7 0
30000 8 0
30000 9 0
30000 10 0
30000 11 0
30000 12 0
30000 13 0
30000 14 22
30000 15 0
30000 16 0
30000 17 0
30000 18 4
30000 19 0
30000 20 0
30000 21 0
30000 22 0
30000 23 0
30000 24 0
30000 25 0
30000 26 0
30000 27 0
30000 28 0
30000 29 6
30000 30 0
30000 31 0
30000 32 0
30000 33 237
30000 34 0
30000 35 0
30000 36 0
30000 37 0
30000 38 0
30000 39 1184
30000 40 0
30000 41 1
30000 42 0
30000 43 0
30000 44 0
30000 45 0
30000 46 0
30000 47 0
30000 48 0
30000 49 0
30000 50 0
30000 51 0
30000 52 280
30000 53 24
30000 54 496
30000 55 27
30000 56 0
30000 57 0
30000 58 12
30000 59 0
30000 60 0
30000 61 0
30000 62 638
30000 63 0
30000 64 0
30000 65 0
30000 66 0
30000 67 1
30000 68 0
30000 69 0
30000 70 0
30000 71 0
30000 72 0
30000 73 0
30000 74 0
30000 75 0
30000 76 0
30000 77 0
30000 78 0
30000 79 0
30000 80 93
30000 81 0
30000 82 0
30000 83 0
30000 84 479
30000 85 0
30000 86 0
30000 87 0
30000 88 0
30000 89 325
30000 90 0
30000 91 0
30000 92 0
30000 93 0
30000 94 0
30000 95 0
30000 96 0
30000 97 0
30000 98 19
30000 99 0
30000 100 0
30000 101 0
30000 102 0
30000 103 0
30000 104 0
30000 105 0
30000 106 0
30000 107 6
30000 108 0
30000 109 26
30000 110 0
30000 111 0
30000 112 0
30000 113 1
30000 114 0
30000 115 0
30000 116 238
30000 117 6
30000 118 0
30000 119 0
30000 120 390
30000 121 0
30000 122 0
30000 123 0
30000 124 0
30000 125 0
30000 126 0
30000 127 32
30000 128 0
30000 129 1
30000 130 150
30000 131 15
30000 132 0
30000 133 0
30000 134 95
30000 135 0
30000 136 22
30000 137 0
30000 138 0
30000 139 0
30000 140 127
30000 141 0
30000 142 0
30000 143 0
30000 144 0
30000 145 0
30000 146 302
30000 147 0
30000 148 0
30000 149 0
30000 150 11
30000 151 0
30000 152 0
30000 153 0
30000 154 143
30000 155 21
30000 156 0
30000 157 0
30000 158 15
30000 159 0
30000 160 0
30000 161 0
30000 162 0
30000 163 0
30000 164 2
30000 165 73
30000 166 0
30000 167 0
30000 168 661
30000 169 0
30000 170 0
30000 171 276
30000 172 923
30000 173 2
30000 174 1
30000 175 429
30000 176 0
30000 177 260
30000 178 269
30000 179 0
30000 180 258
30000 181 0
30000 182 298
30000 183 808
30000 184 1
30000 185 0
30000 186 1116
30000 187 15
30000 188 0
30000 189 0
30000 190 0
30000 191 0
30000 192 0
30000 193 0
30000 194 434
30000 195 0
30000 196 0
30000 197 0
30000 198 1292
30000 199 93
30000 200 0
30000 201 0
30000 202 0
30000 203 2
30000 204 0
30000 205 42
30000 206 1
30000 207 0
30000 208 11
30000 209 0
30000 210 0
30000 211 0
30000 212 209
30000 213 0
30000 214 0
30000 215 0
30000 216 0
30000 217 614
30000 218 10
30000 219 0
30000 220 0
30000 221 138
30000 222 0
30000 223 405
30000 224 0
30000 225 0
30000 226 0
30000 227 0
30000 228 0
30000 229 0
30000 230 0
30000 231 98
30000 232 0
30000 233 0
30000 234 0
30000 235 0
30000 236 0
30000 237 0
30000 238 0
30000 239 81
30000 240 0
30000 241 5
30000 242 0
30000 243 155
30000 244 0
30000 245 0
30000 246 0
30000 247 0
30000 248 0
30000 249 0
30000 250 72
30000 251 0
30000 252 0
30000 253 0
30000 254 232
30000 255 0
30000 256 0
30000 257 0
30000 258 0
30000 259 0
30000 260 0
30000 261 0
30000 262 0
30000 263 0
30000 264 0
30000 265 10
30000 266 0
30000 267 0
30000 268 0
30000 269 3
30000 270 179
30000 271 0
30000 272 5
30000 273 0
30000 274 0
30000 275 0
30000 276 0
30000 277 0
30000 278 388
30000 279 0
30000 280 0
30000 281 0
30000 282 0
30000 283 0
30000 284 4
30000 285 5
30000 286 1181
30000 287 0
30000 288 0
30000 289 0
30000 290 0
30000 291 0
30000 292 1
30000 293 23
30000 294 0
30000 295 0
30000 296 11
30000 297 0
30000 298 0
30000 299 0
30000 300 0
30000 301 7
30000 302 0
30000 303 31
30000 304 0
30000 305 19
30000 306 0
30000 307 0
30000 308 0
30000 309 0
30000 310 0
30000 311 0
30000 312 323
30000 313 0
30000 314 0
30000 315 0
30000 316 64
30000 317 0
30000 318 30
30000 319 3
30000 320 2
30000 321 0
30000 322 0
30000 323 5
30000 324 0
30000 325 0
30000 326 0
30000 327 0
30000 328 0
30000 329 0
30000 330 0
30000 331 0
30000 332 0
30000 333 0
30000 334 366
30000 335 33
30000 336 0
30000 337 0
30000 338 20
30000 339 0
30000 340 212
30000 341 0
30000 342 0
30000 343 0
30000 344 34
30000 345 0
30000 346 0
30000 347 0
30000 348 37
30000 349 0
30000 350 999
30000 351 0
30000 352 0
30000 353 0
30000 354 106
30000 355 0
30000 356 36
30000 357 0
30000 358 0
30000 359 5
30000 360 0
30000 361 0
30000 362 0
30000 363 0
30000 364 338
30000 365 5
30000 366 0
30000 367 0
30000 368 0
30000 369 0
30000 370 0
30000 371 128
30000 372 0
30000 373 7
30000 374 0
30000 375 0
30000 376 0
30000 377 0
30000 378 0
30000 379 0
30000 380 0
30000 381 0
30000 382 5
30000 383 0
30000 384 0
30000 385 0
30000 386 60
30000 387 278
30000 388 0
30000 389 0
30000 390 0
30000 391 0
30000 392 0
30000 393 0
30000 394 0
30000 395 3
30000 396 685
30000 397 0
30000 398 0
30000 399 0
30000 400 0
30000 401 0
30000 402 0
30000 403 0
30000 404 0
30000 405 420
30000 406 0
30000 407 0
30000 408 0
30000 409 0
30000 410 0
30000 411 0
30000 412 199
30000 413 166
30000 414 0
30000 415 0
30000 416 1
30000 417 0
30000 418 0
30000 419 48
30000 420 0
30000 421 0
30000 422 0
30000 423 62
30000 424 0
30000 425 0
30000 426 5
30000 427 0
30000 428 0
30000 429 0
30000 430 0
30000 431 5
30000 432 0
30000 433 0
30000 434 0
30000 435 0
30000 436 0
30000 437 0
30000 438 0
30000 439 0
30000 440 178
30000 441 63
30000 442 0
30000 443 0
30000 444 0
30000 445 0
30000 446 0
30000 447 0
30000 448 3
30000 449 0
30000 450 43
30000 451 0
30000 452 1
30000 453 0
30000 454 129
30000 455 0
30000 456 0
30000 457 0
30000 458 0
30000 459 0
30000 460 0
30000 461 0
30000 462 0
30000 463 194
30000 464 0
30000 465 4
30000 466 0
30000 467 0
30000 468 0
30000 469 0
30000 470 0
30000 471 0
30000 472 0
30000 473 0
30000 474 0
30000 475 0
30000 476 0
30000 477 0
30000 478 0
30000 479 0
30000 480 0
30000 481 346
30000 482 0
30000 483 275
30000 484 0
30000 485 0
30000 486 0
30000 487 232
30000 488 0
30000 489 0
30000 490 0
30000 491 0
30000 492 0
30000 493 0
30000 494 32
30000 495 9
30000 496 0
40000 1 246
40000 2 277
40000 3 0
40000 4 0
40000 5 0
40000 6 0
40000 7 0
40000 8 0
40000 9 0
40000 10 0
40000 11 0
40000 12 0
40000 13 0
40000 14 31
40000 15 0
40000 16 0
40000 17 0
40000 18 6
40000 19 1
40000 20 0
40000 21 0
40000 22 0
40000 23 0
40000 24 0
40000 25 0
40000 26 0
40000 27 0
40000 28 0
40000 29 7
40000 30 0
40000 31 0
40000 32 0
40000 33 296
40000 34 0
40000 35 0
40000 36 0
40000 37 0
40000 38 0
40000 39 1436
40000 40 0
40000 41 3
40000 42 0
40000 43 0
40000 44 0
40000 45 0
40000 46 0
40000 47 0
40000 48 0
40000 49 0
40000 50 0
40000 51 0
40000 52 341
40000 53 33
40000 54 634
40000 55 29
40000 56 0
40000 57 0
40000 58 19
40000 59 0
40000 60 0
40000 61 0
40000 62 772
40000 63 0
40000 64 0
40000 65 0
40000 66 0
40000 67 0
40000 68 0
40000 69 0
40000 70 0
40000 71 0
40000 72 0
40000 73 0
40000 74 0
40000 75 0
40000 76 0
40000 77 0
40000 78 0
40000 79 0
40000 80 117
40000 81 0
40000 82 0
40000 83 0
40000 84 603
40000 85 0
40000 86 0
40000 87 0
40000 88 0
40000 89 403
40000 90 0
40000 91 0
40000 92 0
40000 93 0
40000 94 0
40000 95 0
40000 96 0
40000 97 0
40000 98 23
40000 99 0
40000 100 0
40000 101 0
40000 102 0
40000 103 0
40000 104 0
40000 105 0
40000 106 0
40000 107 6
40000 108 0
40000 109 29
40000 110 0
40000 111 0
40000 112 0
40000 113 1
40000 114 0
40000 115 0
40000 116 308
40000 117 7
40000 118 0
40000 119 0
40000 120 509
40000 121 0
40000 122 0
40000 123 0
40000 124 0
40000 125 0
40000 126 0
40000 127 42
40000 128 0
40000 129 1
40000 130 181
40000 131 19
40000 132 0
40000 133 0
40000 134 122
40000 135 0
40000 136 26
40000 137 0
40000 138 0
40000 139 0
40000 140 161
40000 141 0
40000 142 0
40000 143 0
40000 144 0
40000 145 0
40000 146 388
40000 147 0
40000 148 0
40000 149 0
40000 150 20
40000 151 0
40000 152 0
40000 153 0
40000 154 189
40000 155 27
40000 156 0
40000 157 0
40000 158 17
40000 159 0
40000 160 0
40000 161 0
40000 162 0
40000 163 0
40000 164 2
40000 165 94
40000 166 0
40000 167 0
40000 168 830
40000 169 0
40000 170 0
40000 171 353
40000 172 1174
40000 173 2
40000 174 2
40000 175 549
40000 176 0
40000 177 316
40000 178 315
40000 179 0
40000 180 342
40000 181 0
40000 182 349
40000 183 988
40000 184 1
40000 185 0
40000 186 1323
40000 187 17
40000 188 0
40000 189 0
40000 190 0
40000 191 0
40000 192 0
40000 193 0
40000 194 545
40000 195 0
40000 196 0
40000 197 0
40000 198 1582
40000 199 114
40000 200 0
40000 201 0
40000 202 0
40000 203 2
40000 204 0
40000 205 49
40000 206 1
40000 207 0
40000 208 15
40000 209 0
40000 210 0
40000 211 0
40000 212 283
40000 213 0
40000 214 0
40000 215 0
40000 216 0
40000 217 774
40000 218 12
40000 219 0
40000 220 0
40000 221 194
40000 222 0
40000 223 471
40000 224 0
40000 225 0
40000 226 0
40000 227 0
40000 228 0
40000 229 0
40000 230 0
40000 231 121
40000 232 0
40000 233 0
40000 234 0
40000 235 0
40000 236 0
40000 237 0
40000 238 0
40000 239 97
40000 240 0
40000 241 5
40000 242 0
40000 243 202
40000 244 0
40000 245 0
40000 246 0
40000 247 0
40000 248 0
40000 249 0
40000 250 84
40000 251 0
40000 252 0
40000 253 0
40000 254 293
40000 255 1
40000 256 0
40000 257 0
40000 258 0
40000 259 0
40000 260 0
40000 261 0
40000 262 0
40000 263 0
40000 264 0
40000 265 8
40000 266 0
40000 267 0
40000 268 0
40000 269 4
40000 270 232
40000 271 0
40000 272 5
40000 273 0
40000 274 0
40000 275 0
40000 276 0
40000 277 0
40000 278 476
40000 279 0
40000 280 0
40000 281 0
40000 282 0
40000 283 0
40000 284 6
40000 285 5
40000 286 1470
40000 287 0
40000 288 0
40000 289 0
40000 290 0
40000 291 0
40000 292 3
40000 293 29
40000 294 0
40000 295 0
40000 296 20
40000 297 0
40000 298 0
40000 299 0
40000 300 0
40000 301 8
40000 302 0
40000 303 38
40000 304 0
40000 305 31
40000 306 0
40000 307 0
40000 308 0
40000 309 0
40000 310 0
40000 311 0
40000 312 412
40000 313 0
40000 314 0
40000 315 0
40000 316 81
40000 317 0
40000 318 36
40000 319 3
40000 320 2
40000 321 0
40000 322 0
40000 323 7
40000 324 0
40000 325 0
40000 326 0
40000 327 0
40000 328 0
40000 329 0
40000 330 0
40000 331 0
40000 332 0
40000 333 0
40000 334 455
40000 335 39
40000 336 0
40000 337 0
40000 338 25
40000 339 0
40000 340 262
40000 341 0
40000 342 0
40000 343 0
40000 344 45
40000 345 0
40000 346 0
40000 347 0
40000 348 56
40000 349 0
40000 350 1267
40000 351 0
40000 352 0
40000 353 0
40000 354 141
40000 355 0
40000 356 46
40000 357 0
40000 358 0
40000 359 4
40000 360 0
40000 361 0
40000 362 0
40000 363 0
40000 364 419
40000 365 6
40000 366 0
40000 367 0
40000 368 0
40000 369 0
40000 370 0
40000 371 167
40000 372 0
40000 373 10
40000 374 0
40000 375 0
40000 376 0
40000 377 0
40000 378 0
40000 379 0
40000 380 0
40000 381 0
40000 382 8
40000 383 0
40000 384 0
40000 385 0
40000 386 71
40000 387 366
40000 388 0
40000 389 0
40000 390 0
40000 391 0
40000 392 0
40000 393 0
40000 394 0
40000 395 5
40000 396 846
40000 397 0
40000 398 0
40000 399 0
40000 400 0
40000 401 0
40000 402 0
40000 403 0
40000 404 0
40000 405 515
40000 406 0
40000 407 0
40000 408 0
40000 409 0
40000 410 0
40000 411 0
40000 412 253
40000 413 212
40000 414 0
40000 415 0
40000 416 4
40000 417 0
40000 418 0
40000 419 54
40000 420 0
40000 421 0
40000 422 0
40000 423 83
40000 424 0
40000 425 0
40000 426 6
40000 427 0
40000 428 0
40000 429 0
40000 430 0
40000 431 6
40000 432 0
40000 433 0
40000 434 0
40000 435 0
40000 436 0
40000 437 0
40000 438 0
40000 439 0
40000 440 224
40000 441 75
40000 442 0
40000 443 0
40000 444 0
40000 445 0
40000 446 0
40000 447 0
40000 448 4
40000 449 0
40000 450 57
40000 451 0
40000 452 1
40000 453 0
40000 454 161
40000 455 0
40000 456 0
40000 457 0
40000 458 0
40000 459 0
40000 460 0
40000 461 0
40000 462 0
40000 463 237
40000 464 0
40000 465 7
40000 466 0
40000 467 0
40000 468 0
40000 469 0
40000 470 0
40000 471 0
40000 472 0
40000 473 0
40000 474 0
40000 475 0
40000 476 0
40000 477 0
40000 478 0
40000 479 0
40000 480 0
40000 481 437
40000 482 0
40000 483 354
40000 484 0
40000 485 0
40000 486 0
40000 487 303
40000 488 0
40000 489 0
40000 490 0
40000 491 0
40000 492 0
40000 493 0
40000 494 44
40000 495 10
40000 496 0
50000 1 297
50000 2 305
50000 3 0
50000 4 0
50000 5 0
50000 6 0
50000 7 0
50000 8 1
50000 9 0
50000 10 0
50000 11 0
50000 12 0
50000 13 0
50000 14 42
50000 15 0
50000 16 0
50000 17 0
50000 18 6
50000 19 2
50000 20 0
50000 21 0
50000 22 0
50000 23 0
50000 24 0
50000 25 0
50000 26 0
50000 27 0
50000 28 0
50000 29 9
50000 30 0
50000 31 0
50000 32 0
50000 33 351
50000 34 0
50000 35 0
50000 36 0
50000 37 0
50000 38 0
50000 39 1647
50000 40 0
50000 41 4
50000 42 0
50000 43 0
50000 44 0
50000 45 0
50000 46 0
50000 47 0
50000 48 0
50000 49 0
50000 50 0
50000 51 0
50000 52 390
50000 53 40
50000 54 754
50000 55 36
50000 56 0
50000 57 0
50000 58 24
50000 59 0
50000 60 0
50000 61 0
50000 62 943
50000 63 0
50000 64 0
50000 65 0
50000 66 0
50000 67 0
50000 68 0
50000 69 0
50000 70 0
50000 71 0
50000 72 0
50000 73 0
50000 74 0
50000 75 0
50000 76 0
50000 77 0
50000 78 0
50000 79 0
50000 80 130
50000 81 0
50000 82 0
50000 83 0
50000 84 723
50000 85 0
50000 86 0
50000 87 0
50000 88 0
50000 89 466
50000 90 0
50000 91 0
50000 92 0
50000 93 0
50000 94 0
50000 95 0
50000 96 0
50000 97 0
50000 98 24
50000 99 0
50000 100 0
50000 101 0
50000 102 0
50000 103 0
50000 104 0
50000 105 0
50000 106 0
50000 107 7
50000 108 0
50000 109 32
50000 110 0
50000 111 0
50000 112 0
50000 113 1
50000 114 0
50000 115 0
50000 116 382
50000 117 11
50000 118 0
50000 119 0
50000 120 592
50000 121 0
50000 122 0
50000 123 0
50000 124 0
50000 125 0
50000 126 0
50000 127 59
50000 128 0
50000 129 1
50000 130 211
50000 131 18
50000 132 0
50000 133 0
50000 134 148
50000 135 0
50000 136 25
50000 137 0
50000 138 0
50000 139 0
50000 140 198
50000 141 0
50000 142 0
50000 143 0
50000 144 1
50000 145 0
50000 146 483
50000 147 0
50000 148 0
50000 149 0
50000 150 23
50000 151 0
50000 152 0
50000 153 0
50000 154 222
50000 155 33
50000 156 0
50000 157 0
50000 158 23
50000 159 0
50000 160 0
50000 161 0
50000 162 0
50000 163 0
50000 164 3
50000 165 109
50000 166 0
50000 167 0
50000 168 989
50000 169 0
50000 170 0
50000 171 425
50000 172 1351
50000 173 2
50000 174 3
50000 175 648
50000 176 0
50000 177 367
50000 178 372
50000 179 0
50000 180 412
50000 181 0
50000 182 413
50000 183 1152
50000 184 1
50000 185 0
50000 186 1533
50000 187 20
50000 188 0
50000 189 0
50000 190 0
50000 191 0
50000 192 0
50000 193 0
50000 194 674
50000 195 0
50000 196 0
50000 197 0
50000 198 1846
50000 199 131
50000 200 0
50000 201 0
50000 202 0
50000 203 1
50000 204 0
50000 205 54
50000 206 1
50000 207 0
50000 208 20
50000 209 0
50000 210 0
50000 211 0
50000 212 325
50000 213 0
50000 214 0
50000 215 0
50000 216 0
50000 217 929
50000 218 19
50000 219 0
50000 220 0
50000 221 242
50000 222 0
50000 223 556
50000 224 0
50000 225 0
50000 226 0
50000 227 0
50000 228 0
50000 229 0
50000 230 0
50000 231 141
50000 232 0
50000 233 0
50000 234 0
50000 235 0
50000 236 0
50000 237 0
50000 238 0
50000 239 116
50000 240 0
50000 241 8
50000 242 0
50000 243 246
50000 244 0
50000 245 0
50000 246 0
50000 247 0
50000 248 0
50000 249 0
50000 250 110
50000 251 0
50000 252 0
50000 253 0
50000 254 335
50000 255 4
50000 256 0
50000 257 0
50000 258 0
50000 259 0
50000 260 0
50000 261 0
50000 262 0
50000 263 0
50000 264 0
50000 265 14
50000 266 0
50000 267 0
50000 268 0
50000 269 5
50000 270 266
50000 271 0
50000 272 5
50000 273 0
50000 274 0
50000 275 0
50000 276 0
50000 277 0
50000 278 540
50000 279 0
50000 280 0
50000 281 0
50000 282 0
50000 283 0
50000 284 6
50000 285 7
50000 286 1663
50000 287 0
50000 288 0
50000 289 0
50000 290 0
50000 291 0
50000 292 3
50000 293 30
50000 294 0
50000 295 0
50000 296 26
50000 297 0
50000 298 0
50000 299 0
50000 300 0
50000 301 13
50000 302 0
50000 303 42
50000 304 0
50000 305 39
50000 306 0
50000 307 0
50000 308 0
50000 309 0
50000 310 0
50000 311 0
50000 312 499
50000 313 0
50000 314 0
50000 315 0
50000 316 95
50000 317 0
50000 318 40
50000 319 3
50000 320 3
50000 321 0
50000 322 0
50000 323 5
50000 324 0
50000 325 0
50000 326 0
50000 327 0
50000 328 0
50000 329 0
50000 330 0
50000 331 0
50000 332 0
50000 333 0
50000 334 538
50000 335 51
50000 336 0
50000 337 0
50000 338 31
50000 339 0
50000 340 310
50000 341 0
50000 342 0
50000 343 0
50000 344 63
50000 345 0
50000 346 0
50000 347 0
50000 348 67
50000 349 0
50000 350 1485
50000 351 0
50000 352 0
50000 353 0
50000 354 174
50000 355 0
50000 356 53
50000 357 0
50000 358 0
50000 359 6
50000 360 0
50000 361 0
50000 362 0
50000 363 0
50000 364 506
50000 365 6
50000 366 0
50000 367 0
50000 368 0
50000 369 0
50000 370 0
50000 371 192
50000 372 0
50000 373 11
50000 374 0
50000 375 0
50000 376 0
50000 377 0
50000 378 0
50000 379 0
50000 380 0
50000 381 0
50000 382 11
50000 383 0
50000 384 0
50000 385 0
50000 386 79
50000 387 421
50000 388 0
50000 389 0
50000 390 0
50000 391 0
50000 392 0
50000 393 0
50000 394 0
50000 395 8
50000 396 970
50000 397 0
50000 398 0
50000 399 0
50000 400 0
50000 401 0
50000 402 0
50000 403 0
50000 404 0
50000 405 627
50000 406 0
50000 407 0
50000 408 0
50000 409 0
50000 410 0
50000 411 0
50000 412 292
50000 413 272
50000 414 0
50000 415 0
50000 416 4
50000 417 0
50000 418 0
50000 419 59
50000 420 0
50000 421 0
50000 422 0
50000 423 95
50000 424 0
50000 425 0
50000 426 7
50000 427 0
50000 428 0
50000 429 0
50000 430 0
50000 431 7
50000 432 0
50000 433 0
50000 434 0
50000 435 0
50000 436 0
50000 437 0
50000 438 0
50000 439 0
50000 440 274
50000 441 86
50000 442 0
50000 443 0
50000 444 0
50000 445 0
50000 446 0
50000 447 0
50000 448 3
50000 449 0
50000 450 79
50000 451 0
50000 452 1
50000 453 0
50000 454 188
50000 455 0
50000 456 0
50000 457 0
50000 458 0
50000 459 0
50000 460 0
50000 461 0
50000 462 0
50000 463 268
50000 464 0
50000 465 9
50000 466 0
50000 467 0
50000 468 0
50000 469 0
50000 470 0
50000 471 0
50000 472 0
50000 473 0
50000 474 0
50000 475 0
50000 476 0
50000 477 0
50000 478 0
50000 479 0
50000 480 0
50000 481 519
50000 482 0
50000 483 416
50000 484 0
50000 485 0
50000 486 0
50000 487 344
50000 488 0
50000 489 0
50000 490 0
50000 491 0
50000 492 0
50000 493 0
50000 494 53
50000 495 10
50000 496 0
60000 1 357
60000 2 336
60000 3 0
60000 4 0
60000 5 0
60000 6 0
60000 7 0
60000 8 1
60000 9 0
60000 10 0
60000 11 0
60000 12 0
60000 13 0
60000 14 46
60000 15 0
60000 16 0
60000 17 0
60000 18 7
60000 19 2
60000 20 0
60000 21 0
60000 22 0
60000 23 0
60000 24 0
60000 25 0
60000 26 0
60000 27 0
60000 28 0
60000 29 12
60000 30 0
60000 31 0
60000 32 0
60000 33 407
60000 34 0
60000 35 0
60000 36 0
60000 37 0
60000 38 0
60000 39 1825
60000 40 0
60000 41 5
60000 42 0
60000 43 0
60000 44 0
60000 45 0
60000 46 0
60000 47 0
60000 48 0
60000 49 0
60000 50 0
60000 51 0
60000 52 436
60000 53 47
60000 54 866
60000 55 46
60000 56 0
60000 57 0
60000 58 26
60000 59 0
60000 60 0
60000 61 0
60000 62 1060
60000 63 0
60000 64 0
60000 65 0
60000 66 0
60000 67 0
60000 68 0
60000 69 0
60000 70 0
60000 71 0
60000 72 0
60000 73 0
60000 74 0
60000 75 0
60000 76 0
60000 77 0
60000 78 0
60000 79 0
60000 80 136
60000 81 0
60000 82 0
60000 83 0
60000 84 821
60000 85 0
60000 86 0
60000 87 0
60000 88 0
60000 89 540
60000 90 0
60000 91 0
60000 92 0
60000 93 0
60000 94 0
60000 95 0
60000 96 0
60000 97 0
60000 98 34
60000 99 0
60000 100 0
60000 101 0
60000 102 0
60000 103 0
60000 104 0
60000 105 1
60000 106 0
60000 107 7
60000 108 0
60000 109 41
60000 110 0
60000 111 0
60000 112 0
60000 113 2
60000 114 0
60000 115 0
60000 116 424
60000 117 11
60000 118 0
60000 119 0
60000 120 657
60000 121 0
60000 122 0
60000 123 0
60000 124 0
60000 125 0
60000 126 0
60000 127 69
60000 128 0
60000 129 2
60000 130 248
60000 131 23
60000 132 0
60000 133 0
60000 134 166
60000 135 0
60000 136 29
60000 137 0
60000 138 0
60000 139 0
60000 140 217
60000 141 0
60000 142 0
60000 143 0
60000 144 1
60000 145 0
60000 146 545
60000 147 0
60000 148 0
60000 149 0
60000 150 23
60000 151 0
60000 152 0
60000 153 0
60000 154 253
60000 155 43
60000 156 0
60000 157 0
60000 158 30
60000 159 0
60000 160 0
60000 161 0
60000 162 0
60000 163 0
60000 164 3
60000 165 132
60000 166 0
60000 167 0
60000 168 1134
60000 169 0
60000 170 0
60000 171 458
60000 172 1541
60000 173 1
60000 174 4
60000 175 731
60000 176 0
60000 177 431
60000 178 435
60000 179 0
60000 180 477
60000 181 0
60000 182 487
60000 183 1297
60000 184 1
60000 185 0
60000 186 1714
60000 187 27
60000 188 0
60000 189 0
60000 190 0
60000 191 0
60000 192 0
60000 193 0
60000 194 783
60000 195 0
60000 196 0
60000 197 0
60000 198 2077
60000 199 149
60000 200 0
60000 201 0
60000 202 0
60000 203 1
60000 204 0
60000 205 60
60000 206 0
60000 207 0
60000 208 24
60000 209 0
60000 210 0
60000 211 0
60000 212 372
60000 213 0
60000 214 0
60000 215 0
60000 216 0
60000 217 1049
60000 218 19
60000 219 0
60000 220 0
60000 221 276
60000 222 0
60000 223 650
60000 224 0
60000 225 0
60000 226 0
60000 227 0
60000 228 0
60000 229 0
60000 230 0
60000 231 165
60000 232 0
60000 233 0
60000 234 0
60000 235 0
60000 236 0
60000 237 0
60000 238 0
60000 239 141
60000 240 0
60000 241 7
60000 242 0
60000 243 294
60000 244 0
60000 245 0
60000 246 0
60000 247 0
60000 248 0
60000 249 0
60000 250 134
60000 251 0
60000 252 0
60000 253 0
60000 254 374
60000 255 5
60000 256 0
60000 257 0
60000 258 0
60000 259 0
60000 260 0
60000 261 0
60000 262 0
60000 263 0
60000 264 0
60000 265 17
60000 266 0
60000 267 0
60000 268 0
60000 269 4
60000 270 283
60000 271 0
60000 272 6
60000 273 0
60000 274 0
60000 275 0
60000 276 0
60000 277 0
60000 278 618
60000 279 0
60000 280 0
60000 281 0
60000 282 0
60000 283 0
60000 284 7
60000 285 7
60000 286 1838
60000 287 0
60000 288 0
60000 289 0
60000 290 0
60000 291 0
60000 292 3
60000 293 37
60000 294 0
60000 295 0
60000 296 30
60000 297 0
60000 298 0
60000 299 0
60000 300 0
60000 301 20
60000 302 0
60000 303 54
60000 304 0
60000 305 39
60000 306 0
60000 307 0
60000 308 0
60000 309 0
60000 310 0
60000 311 0
60000 312 576
60000 313 0
60000 314 0
60000 315 0
60000 316 105
60000 317 0
60000 318 44
60000 319 3
60000 320 4
60000 321 0
60000 322 0
60000 323 6
60000 324 0
60000 325 0
60000 326 1
60000 327 0
60000 328 0
60000 329 0
60000 330 0
60000 331 0
60000 332 0
60000 333 0
60000 334 617
60000 335 55
60000 336 0
60000 337 0
60000 338 35
60000 339 0
60000 340 344
60000 341 0
60000 342 0
60000 343 0
60000 344 73
60000 345 0
60000 346 0
60000 347 0
60000 348 79
60000 349 0
60000 350 1645
60000 351 0
60000 352 0
60000 353 0
60000 354 186
60000 355 0
60000 356 58
60000 357 0
60000 358 0
60000 359 6
60000 360 0
60000 361 0
60000 362 0
60000 363 0
60000 364 574
60000 365 9
60000 366 0
60000 367 0
60000 368 0
60000 369 0
60000 370 0
60000 371 224
60000 372 0
60000 373 11
60000 374 0
60000 375 0
60000 376 0
60000 377 0
60000 378 0
60000 379 0
60000 380 0
60000 381 0
60000 382 16
60000 383 0
60000 384 0
60000 385 0
60000 386 91
60000 387 463
60000 388 0
60000 389 0
60000 390 0
60000 391 0
60000 392 0
60000 393 0
60000 394 0
60000 395 9
60000 396 1094
60000 397 0
60000 398 0
60000 399 0
60000 400 0
60000 401 0
60000 402 0
60000 403 0
60000 404 0
60000 405 724
60000 406 0
60000 407 0
60000 408 0
60000 409 0
60000 410 0
60000 411 0
60000 412 309
60000 413 308
60000 414 0
60000 415 0
60000 416 3
60000 417 0
60000 418 0
60000 419 65
60000 420 0
60000 421 0
60000 422 0
60000 423 105
60000 424 0
60000 425 0
60000 426 7
60000 427 0
60000 428 0
60000 429 0
60000 430 0
60000 431 8
60000 432 0
60000 433 0
60000 434 0
60000 435 0
60000 436 0
60000 437 0
60000 438 0
60000 439 0
60000 440 323
60000 441 93
60000 442 0
60000 443 0
60000 444 0
60000 445 0
60000 446 0
60000 447 0
60000 448 6
60000 449 0
60000 450 87
60000 451 0
60000 452 1
60000 453 0
60000 454 210
60000 455 0
60000 456 0
60000 457 0
60000 458 0
60000 459 0
60000 460 0
60000 461 0
60000 462 0
60000 463 297
60000 464 0
60000 465 11
60000 466 0
60000 467 0
60000 468 0
60000 469 0
60000 470 0
60000 471 0
60000 472 0
60000 473 0
60000 474 0
60000 475 0
60000 476 0
60000 477 0
60000 478 0
60000 479 0
60000 480 0
60000 481 617
60000 482 0
60000 483 468
60000 484 0
60000 485 0
60000 486 0
60000 487 396
60000 488 0
60000 489 0
60000 490 0
60000 491 0
60000 492 0
60000 493 0
60000 494 60
60000 495 11
60000 496 0
70000 1 393
70000 2 356
70000 3 0
70000 4 0
70000 5 0
70000 6 0
70000 7 0
70000 8 1
70000 9 0
70000 10 0
70000 11 0
70000 12 0
70000 13 0
70000 14 50
70000 15 0
70000 16 0
70000 17 0
70000 18 5
70000 19 4
70000 20 0
70000 21 0
70000 22 0
70000 23 0
70000 24 0
70000 25 0
70000 26 0
70000 27 0
70000 28 0
70000 29 12
70000 30 0
70000 31 0
70000 32 0
70000 33 478
70000 34 0
70000 35 0
70000 36 0
70000 37 0
70000 38 0
70000 39 1989
70000 40 0
70000 41 6
70000 42 0
70000 43 0
70000 44 0
70000 45 0
70000 46 0
70000 47 0
70000 48 0
70000 49 0
70000 50 0
70000 51 0
70000 52 482
70000 53 52
70000 54 935
70000 55 51
70000 56 0
70000 57 0
70000 58 33
70000 59 0
70000 60 0
70000 61 0
70000 62 1205
70000 63 0
70000 64 0
70000 65 0
70000 66 0
70000 67 0
70000 68 0
70000 69 0
70000 70 0
70000 71 0
70000 72 0
70000 73 0
70000 74 0
70000 75 0
70000 76 0
70000 77 0
70000 78 0
70000 79 0
70000 80 151
70000 81 0
70000 82 0
70000 83 0
70000 84 938
70000 85 0
70000 86 0
70000 87 0
70000 88 0
70000 89 592
70000 90 0
70000 91 0
70000 92 0
70000 93 0
70000 94 0
70000 95 0
70000 96 0
70000 97 0
70000 98 34
70000 99 0
70000 100 0
70000 101 0
70000 102 0
70000 103 0
70000 104 0
70000 105 1
70000 106 0
70000 107 9
70000 108 0
70000 109 47
70000 110 0
70000 111 0
70000 112 0
70000 113 2
70000 114 0
70000 115 0
70000 116 469
70000 117 9
70000 118 0
70000 119 0
70000 120 740
70000 121 0
70000 122 0
70000 123 0
70000 124 0
70000 125 0
70000 126 0
70000 127 74
70000 128 0
70000 129 2
70000 130 285
70000 131 25
70000 132 0
70000 133 0
70000 134 185
70000 135 0
70000 136 28
70000 137 0
70000 138 0
70000 139 0
70000 140 263
70000 141 0
70000 142 0
70000 143 0
70000 144 1
70000 145 0
70000 146 615
70000 147 0
70000 148 0
70000 149 0
70000 150 23
70000 151 0
70000 152 0
70000 153 0
70000 154 292
70000 155 47
70000 156 0
70000 157 0
70000 158 29
70000 159 0
70000 160 0
70000 161 0
70000 162 0
70000 163 0
70000 164 3
70000 165 151
70000 166 0
70000 167 0
70000 168 1224
70000 169 0
70000 170 0
70000 171 513
70000 172 1673
70000 173 1
70000 174 6
70000 175 812
70000 176 0
70000 177 497
70000 178 492
70000 179 0
70000 180 527
70000 181 0
70000 182 529
70000 183 1403
70000 184 2
70000 185 0
70000 186 1868
70000 187 28
70000 188 0
70000 189 0
70000 190 0
70000 191 0
70000 192 0
70000 193 0
70000 194 879
70000 195 0
70000 196 0
70000 197 0
70000 198 2276
70000 199 169
70000 200 0
70000 201 0
70000 202 0
70000 203 1
70000 204 0
70000 205 63
70000 206 0
70000 207 0
70000 208 23
70000 209 0
70000 210 0
70000 211 0
70000 212 422
70000 213 0
70000 214 0
70000 215 0
70000 216 0
70000 217 1174
70000 218 23
70000 219 0
70000 220 0
70000 221 312
70000 222 0
70000 223 713
70000 224 0
70000 225 0
70000 226 0
70000 227 0
70000 228 0
70000 229 0
70000 230 0
70000 231 188
70000 232 0
70000 233 0
70000 234 0
70000 235 0
70000 236 0
70000 237 0
70000 238 0
70000 239 161
70000 240 0
70000 241 9
70000 242 0
70000 243 328
70000 244 0
70000 245 0
70000 246 0
70000 247 0
70000 248 0
70000 249 0
70000 250 139
70000 251 0
70000 252 0
70000 253 0
70000 254 428
70000 255 5
70000 256 0
70000 257 0
70000 258 0
70000 259 0
70000 260 0
70000 261 0
70000 262 0
70000 263 0
70000 264 0
70000 265 20
70000 266 0
70000 267 0
70000 268 0
70000 269 5
70000 270 315
70000 271 0
70000 272 6
70000 273 0
70000 274 0
70000 275 0
70000 276 0
70000 277 0
70000 278 681
70000 279 0
70000 280 0
70000 281 0
70000 282 0
70000 283 0
70000 284 7
70000 285 9
70000 286 2008
70000 287 0
70000 288 0
70000 289 0
70000 290 0
70000 291 0
70000 292 4
70000 293 47
70000 294 0
70000 295 0
70000 296 35
70000 297 0
70000 298 0
70000 299 0
70000 300 0
70000 301 20
70000 302 0
70000 303 73
70000 304 0
70000 305 44
70000 306 0
70000 307 0
70000 308 0
70000 309 0
70000 310 0
70000 311 0
70000 312 654
70000 313 0
70000 314 0
70000 315 0
70000 316 110
70000 317 0
70000 318 46
70000 319 3
70000 320 4
70000 321 0
70000 322 0
70000 323 8
70000 324 0
70000 325 0
70000 326 1
70000 327 0
70000 328 0
70000 329 0
70000 330 0
70000 331 0
70000 332 0
70000 333 0
70000 334 703
70000 335 57
70000 336 0
70000 337 0
70000 338 39
70000 339 0
70000 340 371
70000 341 0
70000 342 0
70000 343 0
70000 344 80
70000 345 0
70000 346 0
70000 347 0
70000 348 87
70000 349 0
70000 350 1800
70000 351 0
70000 352 0
70000 353 0
70000 354 212
70000 355 0
70000 356 64
70000 357 0
70000 358 0
70000 359 6
70000 360 0
70000 361 0
70000 362 0
70000 363 0
70000 364 662
70000 365 9
70000 366 0
70000 367 0
70000 368 0
70000 369 0
70000 370 0
70000 371 247
70000 372 0
70000 373 14
70000 374 0
70000 375 0
70000 376 0
70000 377 0
70000 378 0
70000 379 0
70000 380 0
70000 381 0
70000 382 18
70000 383 0
70000 384 0
70000 385 0
70000 386 107
70000 387 510
70000 388 0
70000 389 0
70000 390 0
70000 391 0
70000 392 0
70000 393 0
70000 394 0
70000 395 10
70000 396 1219
70000 397 0
70000 398 0
70000 399 0
70000 400 0
70000 401 0
70000 402 0
70000 403 0
70000 404 0
70000 405 805
70000 406 0
70000 407 0
70000 408 0
70000 409 0
70000 410 0
70000 411 0
70000 412 350
70000 413 328
70000 414 0
70000 415 0
70000 416 4
70000 417 0
70000 418 0
70000 419 69
70000 420 0
70000 421 0
70000 422 0
70000 423 119
70000 424 0
70000 425 0
70000 426 7
70000 427 0
70000 428 0
70000 429 0
70000 430 0
70000 431 9
70000 432 0
70000 433 0
70000 434 0
70000 435 0
70000 436 0
70000 437 0
70000 438 0
70000 439 0
70000 440 353
70000 441 102
70000 442 0
70000 443 0
70000 444 0
70000 445 0
70000 446 0
70000 447 0
70000 448 8
70000 449 0
70000 450 106
70000 451 0
70000 452 1
70000 453 0
70000 454 242
70000 455 0
70000 456 0
70000 457 0
70000 458 0
70000 459 0
70000 460 0
70000 461 0
70000 462 0
70000 463 339
70000 464 0
70000 465 11
70000 466 0
70000 467 0
70000 468 0
70000 469 0
70000 470 0
70000 471 0
70000 472 0
70000 473 0
70000 474 0
70000 475 0
70000 476 0
70000 477 0
70000 478 0
70000 479 0
70000 480 0
70000 481 679
70000 482 0
70000 483 541
70000 484 0
70000 485 0
70000 486 0
70000 487 423
70000 488 0
70000 489 0
70000 490 0
70000 491 0
70000 492 0
70000 493 0
70000 494 71
70000 495 12
70000 496 0
80000 1 429
80000 2 378
80000 3 0
80000 4 0
80000 5 0
80000 6 0
80000 7 0
80000 8 1
80000 9 0
80000 10 0
80000 11 0
80000 12 0
80000 13 0
80000 14 51
80000 15 0
80000 16 0
80000 17 0
80000 18 4
80000 19 6
80000 20 0
80000 21 0
80000 22 0
80000 23 0
80000 24 0
80000 25 0
80000 26 0
80000 27 0
80000 28 0
80000 29 11
80000 30 0
80000 31 0
80000 32 0
80000 33 552
80000 34 0
80000 35 0
80000 36 0
80000 37 0
80000 38 0
80000 39 2128
80000 40 0
80000 41 6
80000 42 0
80000 43 0
80000 44 0
80000 45 0
80000 46 0
80000 47 0
80000 48 0
80000 49 0
80000 50 0
80000 51 0
80000 52 521
80000 53 58
80000 54 1022
80000 55 59
80000 56 0
80000 57 0
80000 58 37
80000 59 0
80000 60 0
80000 61 0
80000 62 1300
80000 63 0
80000 64 0
80000 65 0
80000 66 0
80000 67 0
80000 68 0
80000 69 0
80000 70 0
80000 71 0
80000 72 0
80000 73 0
80000 74 0
80000 75 0
80000 76 0
80000 77 0
80000 78 0
80000 79 0
80000 80 157
80000 81 0
80000 82 0
80000 83 0
80000 84 1027
80000 85 0
80000 86 0
80000 87 0
80000 88 0
80000 89 663
80000 90 0
80000 91 0
80000 92 0
80000 93 0
80000 94 0
80000 95 0
80000 96 0
80000 97 0
80000 98 36
80000 99 0
80000 100 0
80000 101 0
80000 102 0
80000 103 0
80000 104 0
80000 105 1
80000 106 0
80000 107 10
80000 108 0
80000 109 54
80000 110 0
80000 111 0
80000 112 0
80000 113 3
80000 114 0
80000 115 0
80000 116 507
80000 117 9
80000 118 0
80000 119 0
80000 120 818
80000 121 0
80000 122 0
80000 123 0
80000 124 0
80000 125 0
80000 126 0
80000 127 85
80000 128 0
80000 129 2
80000 130 298
80000 131 29
80000 132 0
80000 133 0
80000 134 205
80000 135 0
80000 136 27
80000 137 0
80000 138 0
80000 139 0
80000 140 293
80000 141 0
80000 142 0
80000 143 0
80000 144 3
80000 145 0
80000 146 681
80000 147 0
80000 148 0
80000 149 0
80000 150 24
80000 151 0
80000 152 0
80000 153 0
80000 154 334
80000 155 48
80000 156 0
80000 157 0
80000 158 30
80000 159 0
80000 160 0
80000 161 0
80000 162 0
80000 163 0
80000 164 3
80000 165 180
80000 166 0
80000 167 0
80000 168 1348
80000 169 0
80000 170 0
80000 171 573
80000 172 1788
80000 173 1
80000 174 6
80000 175 860
80000 176 0
80000 177 553
80000 178 547
80000 179 0
80000 180 580
80000 181 0
80000 182 581
80000 183 1499
80000 184 5
80000 185 0
80000 186 1994
80000 187 28
80000 188 0
80000 189 0
80000 190 0
80000 191 0
80000 192 0
80000 193 0
80000 194 961
80000 195 0
80000 196 0
80000 197 0
80000 198 2400
80000 199 189
80000 200 0
80000 201 0
80000 202 0
80000 203 1
80000 204 0
80000 205 71
80000 206 0
80000 207 0
80000 208 26
80000 209 0
80000 210 0
80000 211 0
80000 212 457
80000 213 0
80000 214 0
80000 215 0
80000 216 0
80000 217 1305
80000 218 28
80000 219 0
80000 220 0
80000 221 346
80000 222 0
80000 223 795
80000 224 0
80000 225 0
80000 226 0
80000 227 0
80000 228 0
80000 229 0
80000 230 0
80000 231 212
80000 232 0
80000 233 0
80000 234 0
80000 235 0
80000 236 0
80000 237 0
80000 238 0
80000 239 172
80000 240 0
80000 241 13
80000 242 0
80000 243 369
80000 244 0
80000 245 0
80000 246 0
80000 247 0
80000 248 0
80000 249 0
80000 250 149
80000 251 0
80000 252 0
80000 253 0
80000 254 479
80000 255 5
80000 256 0
80000 257 0
80000 258 0
80000 259 0
80000 260 0
80000 261 0
80000 262 0
80000 263 0
80000 264 0
80000 265 26
80000 266 0
80000 267 0
80000 268 0
80000 269 4
80000 270 347
80000 271 0
80000 272 7
80000 273 0
80000 274 0
80000 275 0
80000 276 0
80000 277 0
80000 278 745
80000 279 0
80000 280 0
80000 281 0
80000 282 0
80000 283 0
80000 284 6
80000 285 9
80000 286 2133
80000 287 0
80000 288 0
80000 289 0
80000 290 0
80000 291 0
80000 292 3
80000 293 47
80000 294 0
80000 295 0
80000 296 39
80000 297 0
80000 298 0
80000 299 0
80000 300 0
80000 301 22
80000 302 0
80000 303 80
80000 304 0
80000 305 52
80000 306 0
80000 307 0
80000 308 0
80000 309 0
80000 310 0
80000 311 0
80000 312 719
80000 313 0
80000 314 0
80000 315 0
80000 316 120
80000 317 0
80000 318 46
80000 319 3
80000 320 3
80000 321 0
80000 322 0
80000 323 12
80000 324 0
80000 325 0
80000 326 2
80000 327 0
80000 328 0
80000 329 0
80000 330 0
80000 331 0
80000 332 0
80000 333 0
80000 334 761
80000 335 55
80000 336 0
80000 337 0
80000 338 41
80000 339 0
80000 340 407
80000 341 0
80000 342 0
80000 343 0
80000 344 91
80000 345 0
80000 346 0
80000 347 0
80000 348 99
80000 349 0
80000 350 1949
80000 351 0
80000 352 0
80000 353 0
80000 354 242
80000 355 0
80000 356 69
80000 357 0
80000 358 0
80000 359 7
80000 360 1
80000 361 0
80000 362 0
80000 363 0
80000 364 718
80000 365 8
80000 366 0
80000 367 0
80000 368 0
80000 369 0
80000 370 0
80000 371 269
80000 372 0
80000 373 14
80000 374 0
80000 375 0
80000 376 0
80000 377 0
80000 378 0
80000 379 0
80000 380 0
80000 381 0
80000 382 19
80000 383 0
80000 384 0
80000 385 0
80000 386 120
80000 387 532
80000 388 0
80000 389 0
80000 390 0
80000 391 0
80000 392 0
80000 393 0
80000 394 0
80000 395 12
80000 396 1343
80000 397 0
80000 398 0
80000 399 0
80000 400 0
80000 401 0
80000 402 0
80000 403 0
80000 404 0
80000 405 880
80000 406 0
80000 407 0
80000 408 0
80000 409 0
80000 410 0
80000 411 0
80000 412 379
80000 413 348
80000 414 0
80000 415 0
80000 416 6
80000 417 0
80000 418 0
80000 419 77
80000 420 0
80000 421 0
80000 422 0
80000 423 140
80000 424 0
80000 425 0
80000 426 9
80000 427 0
80000 428 0
80000 429 0
80000 430 0
80000 431 10
80000 432 0
80000 433 0
80000 434 0
80000 435 0
80000 436 0
80000 437 0
80000 438 0
80000 439 0
80000 440 385
80000 441 111
80000 442 0
80000 443 0
80000 444 0
80000 445 0
80000 446 0
80000 447 0
80000 448 8
80000 449 0
80000 450 125
80000 451 0
80000 452 1
80000 453 0
80000 454 256
80000 455 0
80000 456 0
80000 457 0
80000 458 0
80000 459 0
80000 460 0
80000 461 0
80000 462 0
80000 463 383
80000 464 0
80000 465 14
80000 466 0
80000 467 0
80000 468 0
80000 469 0
80000 470 0
80000 471 0
80000 472 0
80000 473 0
80000 474 0
80000 475 0
80000 476 0
80000 477 0
80000 478 0
80000 479 0
80000 480 0
80000 481 741
80000 482 0
80000 483 577
80000 484 0
80000 485 0
80000 486 0
80000 487 454
80000 488 0
80000 489 0
80000 490 0
80000 491 0
80000 492 0
80000 493 0
80000 494 77
80000 495 13
80000 496 0
90000 1 479
90000 2 403
90000 3 0
90000 4 0
90000 5 0
90000 6 0
90000 7 0
90000 8 1
90000 9 0
90000 10 0
90000 11 0
90000 12 0
90000 13 0
90000 14 50
90000 15 0
90000 16 0
90000 17 0
90000 18 4
90000 19 7
90000 20 0
90000 21 0
90000 22 0
90000 23 0
90000 24 0
90000 25 0
90000 26 0
90000 27 0
90000 28 0
90000 29 11
90000 30 0
90000 31 0
90000 32 0
90000 33 606
90000 34 0
90000 35 0
90000 36 0
90000 37 0
90000 38 0
90000 39 2264
90000 40 0
90000 41 6
90000 42 0
90000 43 0
90000 44 0
90000 45 0
90000 46 0
90000 47 0
90000 48 0
90000 49 0
90000 50 0
90000 51 0
90000 52 535
90000 53 59
90000 54 1073
90000 55 68
90000 56 0
90000 57 0
90000 58 38
90000 59 0
90000 60 0
90000 61 0
90000 62 1392
90000 63 0
90000 64 0
90000 65 0
90000 66 0
90000 67 0
90000 68 0
90000 69 0
90000 70 0
90000 71 0
90000 72 0
90000 73 0
90000 74 0
90000 75 0
90000 76 0
90000 77 0
90000 78 0
90000 79 0
90000 80 167
90000 81 0
90000 82 0
90000 83 0
90000 84 1117
90000 85 0
90000 86 0
90000 87 0
90000 88 0
90000 89 724
90000 90 0
90000 91 0
90000 92 0
90000 93 0
90000 94 0
90000 95 0
90000 96 0
90000 97 0
90000 98 36
90000 99 0
90000 100 0
90000 101 0
90000 102 0
90000 103 0
90000 104 0
90000 105 1
90000 106 0
90000 107 8
90000 108 0
90000 109 59
90000 110 0
90000 111 0
90000 112 0
90000 113 2
90000 114 0
90000 115 0
90000 116 557
90000 117 9
90000 118 0
90000 119 0
90000 120 843
90000 121 0
90000 122 0
90000 123 0
90000 124 0
90000 125 0
90000 126 0
90000 127 88
90000 128 0
90000 129 2
90000 130 329
90000 131 35
90000 132 0
90000 133 0
90000 134 219
90000 135 0
90000 136 32
90000 137 0
90000 138 0
90000 139 0
90000 140 313
90000 141 0
90000 142 0
90000 143 0
90000 144 5
90000 145 0
90000 146 731
90000 147 0
90000 148 0
90000 149 0
90000 150 25
90000 151 0
90000 152 0
90000 153 0
90000 154 368
90000 155 49
90000 156 0
90000 157 0
90000 158 34
90000 159 0
90000 160 0
90000 161 0
90000 162 0
90000 163 0
90000 164 3
90000 165 184
90000 166 0
90000 167 0
90000 168 1477
90000 169 0
90000 170 0
90000 171 619
90000 172 1909
90000 173 2
90000 174 10
90000 175 908
90000 176 0
90000 177 593
90000 178 599
90000 179 0
90000 180 615
90000 181 0
90000 182 616
90000 183 1579
90000 184 4
90000 185 0
90000 186 2063
90000 187 30
90000 188 0
90000 189 0
90000 190 0
90000 191 0
90000 192 0
90000 193 0
90000 194 1038
90000 195 0
90000 196 0
90000 197 0
90000 198 2531
90000 199 207
90000 200 0
90000 201 0
90000 202 0
90000 203 0
90000 204 0
90000 205 75
90000 206 0
90000 207 0
90000 208 31
90000 209 0
90000 210 0
90000 211 0
90000 212 480
90000 213 0
90000 214 0
90000 215 0
90000 216 0
90000 217 1411
90000 218 31
90000 219 0
90000 220 0
90000 221 364
90000 222 0
90000 223 862
90000 224 0
90000 225 0
90000 226 0
90000 227 0
90000 228 0
90000 229 0
90000 230 0
90000 231 229
90000 232 0
90000 233 0
90000 234 0
90000 235 0
90000 236 0
90000 237 0
90000 238 0
90000 239 192
90000 240 0
90000 241 16
90000 242 0
90000 243 402
90000 244 0
90000 245 0
90000 246 0
90000 247 0
90000 248 0
90000 249 0
90000 250 163
90000 251 0
90000 252 1
90000 253 0
90000 254 519
90000 255 6
90000 256 0
90000 257 0
90000 258 0
90000 259 0
90000 260 0
90000 261 0
90000 262 0
90000 263 0
90000 264 0
90000 265 31
90000 266 0
90000 267 0
90000 268 0
90000 269 4
90000 270 356
90000 271 0
90000 272 10
90000 273 0
90000 274 0
90000 275 0
90000 276 0
90000 277 0
90000 278 781
90000 279 0
90000 280 0
90000 281 0
90000 282 0
90000 283 0
90000 284 7
90000 285 11
90000 286 2207
90000 287 0
90000 288 0
90000 289 0
90000 290 0
90000 291 0
90000 292 3
90000 293 53
90000 294 0
90000 295 0
90000 296 44
90000 297 0
90000 298 0
90000 299 0
90000 300 0
90000 301 24
90000 302 0
90000 303 89
90000 304 0
90000 305 51
90000 306 0
90000 307 0
90000 308 0
90000 309 0
90000 310 0
90000 311 0
90000 312 765
90000 313 0
90000 314 0
90000 315 0
90000 316 132
90000 317 0
90000 318 48
90000 319 3
90000 320 4
90000 321 0
90000 322 0
90000 323 15
90000 324 0
90000 325 0
90000 326 2
90000 327 0
90000 328 0
90000 329 0
90000 330 0
90000 331 0
90000 332 0
90000 333 0
90000 334 821
90000 335 57
90000 336 0
90000 337 0
90000 338 41
90000 339 0
90000 340 442
90000 341 0
90000 342 0
90000 343 0
90000 344 104
90000 345 0
90000 346 0
90000 347 0
90000 348 112
90000 349 0
90000 350 2053
90000 351 0
90000 352 0
90000 353 0
90000 354 255
90000 355 0
90000 356 77
90000 357 0
90000 358 0
90000 359 8
90000 360 1
90000 361 0
90000 362 0
90000 363 0
90000 364 753
90000 365 8
90000 366 0
90000 367 0
90000 368 0
90000 369 0
90000 370 0
90000 371 289
90000 372 0
90000 373 16
90000 374 0
90000 375 0
90000 376 0
90000 377 0
90000 378 0
90000 379 0
90000 380 0
90000 381 0
90000 382 22
90000 383 0
90000 384 0
90000 385 0
90000 386 129
90000 387 556
90000 388 0
90000 389 0
90000 390 0
90000 391 0
90000 392 0
90000 393 0
90000 394 0
90000 395 11
90000 396 1430
90000 397 0
90000 398 0
90000 399 0
90000 400 0
90000 401 0
90000 402 0
90000 403 0
90000 404 0
90000 405 951
90000 406 0
90000 407 0
90000 408 0
90000 409 0
90000 410 0
90000 411 0
90000 412 401
90000 413 376
90000 414 0
90000 415 0
90000 416 5
90000 417 0
90000 418 0
90000 419 90
90000 420 0
90000 421 0
90000 422 0
90000 423 158
90000 424 0
90000 425 0
90000 426 10
90000 427 0
90000 428 0
90000 429 0
90000 430 0
90000 431 10
90000 432 0
90000 433 0
90000 434 0
90000 435 0
90000 436 0
90000 437 0
90000 438 0
90000 439 0
90000 440 412
90000 441 130
90000 442 0
90000 443 0
90000 444 0
90000 445 0
90000 446 0
90000 447 0
90000 448 9
90000 449 0
90000 450 132
90000 451 0
90000 452 1
90000 453 0
90000 454 270
90000 455 0
90000 456 0
90000 457 0
90000 458 0
90000 459 0
90000 460 0
90000 461 0
90000 462 0
90000 463 404
90000 464 0
90000 465 17
90000 466 0
90000 467 0
90000 468 0
90000 469 0
90000 470 0
90000 471 0
90000 472 0
90000 473 0
90000 474 0
90000 475 0
90000 476 0
90000 477 0
90000 478 0
90000 479 0
90000 480 0
90000 481 803
90000 482 0
90000 483 639
90000 484 0
90000 485 0
90000 486 0
90000 487 486
90000 488 0
90000 489 0
90000 490 0
90000 491 0
90000 492 0
90000 493 0
90000 494 82
90000 495 14
90000 496 0
1e+05 1 520
1e+05 2 422
1e+05 3 0
1e+05 4 0
1e+05 5 0
1e+05 6 0
1e+05 7 0
1e+05 8 2
1e+05 9 0
1e+05 10 0
1e+05 11 0
1e+05 12 0
1e+05 13 0
1e+05 14 50
1e+05 15 0
1e+05 16 0
1e+05 17 0
1e+05 18 5
1e+05 19 8
1e+05 20 0
1e+05 21 0
1e+05 22 0
1e+05 23 0
1e+05 24 0
1e+05 25 0
1e+05 26 0
1e+05 27 0
1e+05 28 0
1e+05 29 10
1e+05 30 0
1e+05 31 0
1e+05 32 0
1e+05 33 647
1e+05 34 0
1e+05 35 0
1e+05 36 0
1e+05 37 0
1e+05 38 0
1e+05 39 2338
1e+05 40 0
1e+05 41 6
1e+05 42 0
1e+05 43 0
1e+05 44 0
1e+05 45 0
1e+05 46 0
1e+05 47 0
1e+05 48 0
1e+05 49 0
1e+05 50 0
1e+05 51 0
1e+05 52 570
1e+05 53 58
1e+05 54 1140
1e+05 55 72
1e+05 56 0
1e+05 57 0
1e+05 58 39
1e+05 59 0
1e+05 60 0
1e+05 61 0
1e+05 62 1465
1e+05 63 0
1e+05 64 0
1e+05 65 0
1e+05 66 0
1e+05 67 0
1e+05 68 0
1e+05 69 0
1e+05 70 0
1e+05 71 0
1e+05 72 0
1e+05 73 0
1e+05 74 0
1e+05 75 0
1e+05 76 0
1e+05 77 0
1e+05 78 0
1e+05 79 0
1e+05 80 176
1e+05 81 0
1e+05 82 0
1e+05 83 0
1e+05 84 1195
1e+05 85 0
1e+05 86 0
1e+05 87 0
1e+05 88 0
1e+05 89 778
1e+05 90 0
1e+05 91 0
1e+05 92 0
1e+05 93 0
1e+05 94 0
1e+05 95 0
1e+05 96 0
1e+05 97 0
1e+05 98 36
1e+05 99 0
1e+05 100 0
1e+05 101 0
1e+05 102 0
1e+05 103 0
1e+05 104 0
1e+05 105 2
1e+05 106 0
1e+05 107 8
1e+05 108 0
1e+05 109 67
1e+05 110 0
1e+05 111 0
1e+05 112 0
1e+05 113 6
1e+05 114 0
1e+05 115 0
1e+05 116 593
1e+05 117 11
1e+05 118 0
1e+05 119 0
1e+05 120 890
1e+05 121 0
1e+05 122 0
1e+05 123 0
1e+05 124 0
1e+05 125 0
1e+05 126 0
1e+05 127 91
1e+05 128 0
1e+05 129 3
1e+05 130 357
1e+05 131 33
1e+05 132 0
1e+05 133 0
1e+05 134 233
1e+05 135 0
1e+05 136 33
1e+05 137 0
1e+05 138 0
1e+05 139 0
1e+05 140 337
1e+05 141 0
1e+05 142 0
1e+05 143 0
1e+05 144 4
1e+05 145 0
1e+05 146 790
1e+05 147 0
1e+05 148 0
1e+05 149 0
1e+05 150 27
1e+05 151 0
1e+05 152 0
1e+05 153 0
1e+05 154 395
1e+05 155 45
1e+05 156 0
1e+05 157 0
1e+05 158 37
1e+05 159 0
1e+05 160 0
1e+05 161 0
1e+05 162 0
1e+05 163 0
1e+05 164 3
1e+05 165 192
1e+05 166 0
1e+05 167 0
1e+05 168 1595
1e+05 169 0
1e+05 170 0
1e+05 171 657
1e+05 172 2037
1e+05 173 2
1e+05 174 10
1e+05 175 951
1e+05 176 0
1e+05 177 648
1e+05 178 621
1e+05 179 0
1e+05 180 672
1e+05 181 0
1e+05 182 665
1e+05 183 1645
1e+05 184 3
1e+05 185 0
1e+05 186 2152
1e+05 187 32
1e+05 188 0
1e+05 189 0
1e+05 190 0
1e+05 191 0
1e+05 192 0
1e+05 193 0
1e+05 194 1110
1e+05 195 0
1e+05 196 0
1e+05 197 0
1e+05 198 2654
1e+05 199 229
1e+05 200 0
1e+05 201 0
1e+05 202 0
1e+05 203 0
1e+05 204 0
1e+05 205 82
1e+05 206 0
1e+05 207 0
1e+05 208 39
1e+05 209 0
1e+05 210 0
1e+05 211 0
1e+05 212 532
1e+05 213 0
1e+05 214 0
1e+05 215 0
1e+05 216 0
1e+05 217 1527
1e+05 218 38
1e+05 219 0
1e+05 220 0
1e+05 221 397
1e+05 222 0
1e+05 223 915
1e+05 224 0
1e+05 225 0
1e+05 226 0
1e+05 227 0
1e+05 228 0
1e+05 229 0
1e+05 230 0
1e+05 231 237
1e+05 232 0
1e+05 233 0
1e+05 234 0
1e+05 235 0
1e+05 236 0
1e+05 237 0
1e+05 238 0
1e+05 239 202
1e+05 240 0
1e+05 241 17
1e+05 242 0
1e+05 243 436
1e+05 244 0
1e+05 245 0
1e+05 246 0
1e+05 247 0
1e+05 248 0
1e+05 249 0
1e+05 250 172
1e+05 251 0
1e+05 252 1
1e+05 253 0
1e+05 254 558
1e+05 255 8
1e+05 256 0
1e+05 257 0
1e+05 258 0
1e+05 259 0
1e+05 260 0
1e+05 261 0
1e+05 262 0
1e+05 263 0
1e+05 264 0
1e+05 265 35
1e+05 266 0
1e+05 267 0
1e+05 268 0
1e+05 269 5
1e+05 270 393
1e+05 271 0
1e+05 272 14
1e+05 273 0
1e+05 274 0
1e+05 275 0
1e+05 276 0
1e+05 277 0
1e+05 278 827
1e+05 279 0
1e+05 280 0
1e+05 281 0
1e+05 282 0
1e+05 283 0
1e+05 284 6
1e+05 285 11
1e+05 286 2284
1e+05 287 0
1e+05 288 0
1e+05 289 0
1e+05 290 0
1e+05 291 0
1e+05 292 3
1e+05 293 58
1e+05 294 0
1e+05 295 0
1e+05 296 45
1e+05 297 0
1e+05 298 0
1e+05 299 0
1e+05 300 0
1e+05 301 28
1e+05 302 0
1e+05 303 99
1e+05 304 0
1e+05 305 51
1e+05 306 0
1e+05 307 0
1e+05 308 0
1e+05 309 0
1e+05 310 0
1e+05 311 0
1e+05 312 839
1e+05 313 0
1e+05 314 0
1e+05 315 0
1e+05 316 152
1e+05 317 0
1e+05 318 53
1e+05 319 2
1e+05 320 3
1e+05 321 0
1e+05 322 0
1e+05 323 20
1e+05 324 0
1e+05 325 0
1e+05 326 4
1e+05 327 0
1e+05 328 0
1e+05 329 0
1e+05 330 0
1e+05 331 0
1e+05 332 0
1e+05 333 0
1e+05 334 865
1e+05 335 58
1e+05 336 0
1e+05 337 0
1e+05 338 44
1e+05 339 0
1e+05 340 470
1e+05 341 0
1e+05 342 0
1e+05 343 0
1e+05 344 115
1e+05 345 0
1e+05 346 0
1e+05 347 0
1e+05 348 116
1e+05 349 0
1e+05 350 2158
1e+05 351 0
1e+05 352 0
1e+05 353 0
1e+05 354 270
1e+05 355 0
1e+05 356 84
1e+05 357 0
1e+05 358 0
1e+05 359 11
1e+05 360 1
1e+05 361 0
1e+05 362 0
1e+05 363 0
1e+05 364 801
1e+05 365 9
1e+05 366 0
1e+05 367 0
1e+05 368 0
1e+05 369 0
1e+05 370 0
1e+05 371 303
1e+05 372 0
1e+05 373 16
1e+05 374 0
1e+05 375 0
1e+05 376 0
1e+05 377 0
1e+05 378 0
1e+05 379 0
1e+05 380 0
1e+05 381 0
1e+05 382 25
1e+05 383 0
1e+05 384 0
1e+05 385 0
1e+05 386 136
1e+05 387 588
1e+05 388 0
1e+05 389 0
1e+05 390 0
1e+05 391 0
1e+05 392 0
1e+05 393 0
1e+05 394 0
1e+05 395 11
1e+05 396 1495
1e+05 397 0
1e+05 398 0
1e+05 399 0
1e+05 400 0
1e+05 401 0
1e+05 402 0
1e+05 403 0
1e+05 404 0
1e+05 405 1028
1e+05 406 0
1e+05 407 0
1e+05 408 0
1e+05 409 0
1e+05 410 0
1e+05 411 0
1e+05 412 422
1e+05 413 395
1e+05 414 0
1e+05 415 0
1e+05 416 3
1e+05 417 0
1e+05 418 0
1e+05 419 99
1e+05 420 0
1e+05 421 0
1e+05 422 0
1e+05 423 160
1e+05 424 0
1e+05 425 0
1e+05 426 13
1e+05 427 0
1e+05 428 0
1e+05 429 0
1e+05 430 0
1e+05 431 11
1e+05 432 0
1e+05 433 0
1e+05 434 0
1e+05 435 0
1e+05 436 0
1e+05 437 0
1e+05 438 0
1e+05 439 0
1e+05 440 435
1e+05 441 136
1e+05 442 0
1e+05 443 0
1e+05 444 0
1e+05 445 0
1e+05 446 0
1e+05 447 0
1e+05 448 9
1e+05 449 0
1e+05 450 147
1e+05 451 0
1e+05 452 1
1e+05 453 0
1e+05 454 282
1e+05 455 0
1e+05 456 0
1e+05 457 0
1e+05 458 0
1e+05 459 0
1e+05 460 0
1e+05 461 0
1e+05 462 0
1e+05 463 426
1e+05 464 0
1e+05 465 21
1e+05 466 0
1e+05 467 0
1e+05 468 0
1e+05 469 0
1e+05 470 0
1e+05 471 0
1e+05 472 0
1e+05 473 0
1e+05 474 0
1e+05 475 0
1e+05 476 0
1e+05 477 0
1e+05 478 0
1e+05 479 0
1e+05 480 0
1e+05 481 850
1e+05 482 0
1e+05 483 684
1e+05 484 0
1e+05 485 0
1e+05 486 0
1e+05 487 522
1e+05 488 0
1e+05 489 0
1e+05 490 0
1e+05 491 0
1e+05 492 0
1e+05 493 0
1e+05 494 87
1e+05 495 16
1e+05 496 0
110000 1 562
110000 2 432
110000 3 0
110000 4 0
110000 5 0
110000 6 0
110000 7 0
110000 8 3
110000 9 0
110000 10 0
110000 11 0
110000 12 0
110000 13 0
110000 14 57
110000 15 0
110000 16 0
110000 17 0
110000 18 7
110000 19 10
110000 20 0
110000 21 0
110000 22 0
110000 23 0
110000 24 0
110000 25 0
110000 26 0
110000 27 0
110000 28 0
110000 29 11
110000 30 0
110000 31 0
110000 32 0
110000 33 687
110000 34 0
110000 35 0
110000 36 0
110000 37 0
110000 38 0
110000 39 2456
110000 40 0
110000 41 6
110000 42 0
110000 43 0
110000 44 0
110000 45 0
110000 46 0
110000 47 0
110000 48 0
110000 49 0
110000 50 0
110000 51 0
110000 52 606
110000 53 61
110000 54 1214
110000 55 79
110000 56 0
110000 57 0
110000 58 39
110000 59 0
110000 60 0
110000 61 0
110000 62 1556
110000 63 0
110000 64 0
110000 65 0
110000 66 0
110000 67 0
110000 68 0
110000 69 0
110000 70 0
110000 71 0
110000 72 0
110000 73 0
110000 74 0
110000 75 0
110000 76 0
110000 77 0
110000 78 0
110000 79 0
110000 80 187
110000 81 0
110000 82 0
110000 83 0
110000 84 1284
110000 85 0
110000 86 0
110000 87 0
110000 88 0
110000 89 811
110000 90 0
110000 91 0
110000 92 0
110000 93 0
110000 94 0
110000 95 0
110000 96 0
110000 97 0
110000 98 37
110000 99 0
110000 100 0
110000 101 0
110000 102 0
110000 103 0
110000 104 0
110000 105 2
110000 106 0
110000 107 9
110000 108 0
110000 109 70
110000 110 0
110000 111 0
110000 112 0
110000 113 6
110000 114 0
110000 115 0
110000 116 649
110000 117 11
110000 118 0
110000 119 0
110000 120 957
110000 121 0
110000 122 0
110000 123 0
110000 124 0
110000 125 0
110000 126 0
110000 127 102
110000 128 0
110000 129 3
110000 130 372
110000 131 40
110000 132 0
110000 133 0
110000 134 247
110000 135 0
110000 136 35
110000 137 0
110000 138 0
110000 139 0
110000 140 348
110000 141 0
110000 142 0
110000 143 0
110000 144 5
110000 145 0
110000 146 828
110000 147 0
110000 148 0
110000 149 0
110000 150 29
110000 151 0
110000 152 0
110000 153 0
110000 154 427
110000 155 54
110000 156 0
110000 157 0
110000 158 36
110000 159 0
110000 160 0
110000 161 0
110000 162 0
110000 163 0
110000 164 4
110000 165 218
110000 166 0
110000 167 0
110000 168 1664
110000 169 0
110000 170 0
110000 171 706
110000 172 2150
110000 173 2
110000 174 8
110000 175 989
110000 176 0
110000 177 664
110000 178 665
110000 179 0
110000 180 740
110000 181 0
110000 182 690
110000 183 1674
110000 184 5
110000 185 0
110000 186 2221
110000 187 31
110000 188 0
110000 189 0
110000 190 0
110000 191 0
110000 192 0
110000 193 0
110000 194 1185
110000 195 0
110000 196 0
110000 197 0
110000 198 2707
110000 199 251
110000 200 0
110000 201 0
110000 202 0
110000 203 0
110000 204 0
110000 205 85
110000 206 0
110000 207 0
110000 208 45
110000 209 0
110000 210 0
110000 211 0
110000 212 588
110000 213 0
110000 214 0
110000 215 0
110000 216 0
110000 217 1588
110000 218 38
110000 219 0
110000 220 0
110000 221 434
110000 222 0
110000 223 983
110000 224 0
110000 225 0
110000 226 0
110000 227 0
110000 228 0
110000 229 0
110000 230 0
110000 231 256
110000 232 0
110000 233 0
110000 234 0
110000 235 0
110000 236 0
110000 237 0
110000 238 0
110000 239 214
110000 240 0
110000 241 18
110000 242 0
110000 243 462
110000 244 0
110000 245 0
110000 246 0
110000 247 0
110000 248 0
110000 249 0
110000 250 180
110000 251 0
110000 252 1
110000 253 0
110000 254 605
110000 255 9
110000 256 0
110000 257 0
110000 258 0
110000 259 0
110000 260 0
110000 261 0
110000 262 0
110000 263 0
110000 264 0
110000 265 37
110000 266 0
110000 267 0
110000 268 0
110000 269 6
110000 270 415
110000 271 0
110000 272 16
110000 273 0
110000 274 0
110000 275 0
110000 276 0
110000 277 0
110000 278 889
110000 279 0
110000 280 0
110000 281 0
110000 282 0
110000 283 0
110000 284 6
110000 285 11
110000 286 2353
110000 287 0
110000 288 0
110000 289 0
110000 290 0
110000 291 0
110000 292 3
110000 293 62
110000 294 0
110000 295 0
110000 296 48
110000 297 0
110000 298 0
110000 299 0
110000 300 0
110000 301 30
110000 302 0
110000 303 105
110000 304 0
110000 305 51
110000 306 0
110000 307 0
110000 308 0
110000 309 0
110000 310 0
110000 311 0
110000 312 900
110000 313 0
110000 314 0
110000 315 0
110000 316 160
110000 317 0
110000 318 53
110000 319 2
110000 320 4
110000 321 0
110000 322 0
110000 323 23
110000 324 0
110000 325 0
110000 326 5
110000 327 1
110000 328 0
110000 329 0
110000 330 0
110000 331 0
110000 332 0
110000 333 0
110000 334 916
110000 335 64
110000 336 0
110000 337 0
110000 338 47
110000 339 0
110000 340 499
110000 341 0
110000 342 0
110000 343 0
110000 344 124
110000 345 0
110000 346 0
110000 347 0
110000 348 122
110000 349 0
110000 350 2238
110000 351 0
110000 352 0
110000 353 0
110000 354 285
110000 355 0
110000 356 89
110000 357 0
110000 358 0
110000 359 12
110000 360 1
110000 361 0
110000 362 0
110000 363 0
110000 364 854
110000 365 10
110000 366 0
110000 367 0
110000 368 0
110000 369 0
110000 370 0
110000 371 322
110000 372 0
110000 373 16
110000 374 0
110000 375 0
110000 376 0
110000 377 0
110000 378 0
110000 379 0
110000 380 0
110000 381 0
110000 382 27
110000 383 0
110000 384 0
110000 385 0
110000 386 144
110000 387 601
110000 388 0
110000 389 1
110000 390 0
110000 391 0
110000 392 0
110000 393 0
110000 394 0
110000 395 13
110000 396 1598
110000 397 0
110000 398 0
110000 399 0
110000 400 0
110000 401 0
110000 402 0
110000 403 0
110000 404 0
110000 405 1106
110000 406 0
110000 407 0
110000 408 0
110000 409 0
110000 410 0
110000 411 0
110000 412 454
110000 413 412
110000 414 0
110000 415 0
110000 416 3
110000 417 0
110000 418 0
110000 419 109
110000 420 0
110000 421 0
110000 422 0
110000 423 165
110000 424 0
110000 425 0
110000 426 12
110000 427 0
110000 428 0
110000 429 0
110000 430 0
110000 431 11
110000 432 0
110000 433 0
110000 434 0
110000 435 0
110000 436 0
110000 437 0
110000 438 0
110000 439 0
110000 440 465
110000 441 139
110000 442 0
110000 443 0
110000 444 0
110000 445 0
110000 446 0
110000 447 0
110000 448 12
110000 449 0
110000 450 160
110000 451 0
110000 452 1
110000 453 0
110000 454 288
110000 455 0
110000 456 0
110000 457 0
110000 458 0
110000 459 0
110000 460 0
110000 461 0
110000 462 0
110000 463 435
110000 464 0
110000 465 23
110000 466 0
110000 467 0
110000 468 0
110000 469 0
110000 470 0
110000 471 0
110000 472 0
110000 473 0
110000 474 0
110000 475 0
110000 476 0
110000 477 0
110000 478 0
110000 479 0
110000 480 0
110000 481 888
110000 482 0
110000 483 724
110000 484 0
110000 485 0
110000 486 0
110000 487 560
110000 488 0
110000 489 0
110000 490 0
110000 491 0
110000 492 0
110000 493 0
110000 494 92
110000 495 18
110000 496 0
120000 1 600
120000 2 438
120000 3 0
120000 4 0
120000 5 0
120000 6 0
120000 7 0
120000 8 3
120000 9 0
120000 10 0
120000 11 0
120000 12 0
120000 13 0
120000 14 61
120000 15 0
120000 16 0
120000 17 0
120000 18 9
120000 19 13
120000 20 0
120000 21 0
120000 22 0
120000 23 0
120000 24 0
120000 25 0
120000 26 0
120000 27 0
120000 28 0
120000 29 11
120000 30 0
120000 31 0
120000 32 0
120000 33 729
120000 34 0
120000 35 0
120000 36 0
120000 37 0
120000 38 0
120000 39 2490
120000 40 0
120000 41 7
120000 42 0
120000 43 0
120000 44 0
120000 45 0
120000 46 0
120000 47 0
120000 48 0
120000 49 0
120000 50 0
120000 51 0
120000 52 641
120000 53 65
120000 54 1300
120000 55 87
120000 56 0
120000 57 0
120000 58 39
120000 59 0
120000 60 0
120000 61 0
120000 62 1637
120000 63 0
120000 64 0
120000 65 0
120000 66 0
120000 67 0
120000 68 0
120000 69 0
120000 70 0
120000 71 0
120000 72 0
120000 73 0
120000 74 0
120000 75 0
120000 76 0
120000 77 0
120000 78 0
120000 79 0
120000 80 196
120000 81 0
120000 82 0
120000 83 0
120000 84 1355
120000 85 0
120000 86 0
120000 87 0
120000 88 0
120000 89 883
120000 90 0
120000 91 0
120000 92 0
120000 93 0
120000 94 0
120000 95 0
120000 96 0
120000 97 0
120000 98 41
120000 99 0
120000 100 0
120000 101 0
120000 102 0
120000 103 0
120000 104 0
120000 105 2
120000 106 0
120000 107 8
120000 108 0
120000 109 80
120000 110 0
120000 111 0
120000 112 0
120000 113 6
120000 114 0
120000 115 0
120000 116 678
120000 117 10
120000 118 0
120000 119 0
120000 120 1007
120000 121 0
120000 122 0
120000 123 0
120000 124 0
120000 125 0
120000 126 0
120000 127 101
120000 128 0
120000 129 4
120000 130 393
120000 131 48
120000 132 0
120000 133 0
120000 134 243
120000 135 0
120000 136 39
120000 137 0
120000 138 0
120000 139 0
120000 140 358
120000 141 0
120000 142 0
120000 143 0
120000 144 6
120000 145 0
120000 146 849
120000 147 0
120000 148 0
120000 149 0
120000 150 34
120000 151 0
120000 152 0
120000 153 0
120000 154 446
120000 155 53
120000 156 0
120000 157 0
120000 158 40
120000 159 0
120000 160 0
120000 161 0
120000 162 0
120000 163 0
120000 164 6
120000 165 235
120000 166 0
120000 167 0
120000 168 1720
120000 169 0
120000 170 0
120000 171 759
120000 172 2272
120000 173 3
120000 174 10
120000 175 1026
120000 176 0
120000 177 711
120000 178 713
120000 179 0
120000 180 773
120000 181 0
120000 182 733
120000 183 1717
120000 184 4
120000 185 0
120000 186 2287
120000 187 35
120000 188 0
120000 189 0
120000 190 0
120000 191 0
120000 192 0
120000 193 0
120000 194 1271
120000 195 0
120000 196 0
120000 197 0
120000 198 2854
120000 199 258
120000 200 0
120000 201 0
120000 202 0
120000 203 0
120000 204 0
120000 205 94
120000 206 0
120000 207 0
120000 208 47
120000 209 0
120000 210 0
120000 211 0
120000 212 631
120000 213 0
120000 214 0
120000 215 0
120000 216 0
120000 217 1669
120000 218 40
120000 219 0
120000 220 0
120000 221 463
120000 222 0
120000 223 1043
120000 224 0
120000 225 0
120000 226 0
120000 227 0
120000 228 0
120000 229 0
120000 230 0
120000 231 271
120000 232 0
120000 233 0
120000 234 0
120000 235 0
120000 236 0
120000 237 0
120000 238 0
120000 239 235
120000 240 0
120000 241 19
120000 242 0
120000 243 494
120000 244 0
120000 245 0
120000 246 0
120000 247 0
120000 248 0
120000 249 0
120000 250 187
120000 251 0
120000 252 1
120000 253 0
120000 254 654
120000 255 8
120000 256 0
120000 257 0
120000 258 0
120000 259 0
120000 260 0
120000 261 0
120000 262 0
120000 263 0
120000 264 0
120000 265 39
120000 266 0
120000 267 0
120000 268 0
120000 269 6
120000 270 443
120000 271 0
120000 272 18
120000 273 0
120000 274 0
120000 275 0
120000 276 0
120000 277 0
120000 278 926
120000 279 0
120000 280 0
120000 281 0
120000 282 0
120000 283 0
120000 284 6
120000 285 11
120000 286 2434
120000 287 0
120000 288 0
120000 289 0
120000 290 0
120000 291 0
120000 292 3
120000 293 67
120000 294 0
120000 295 0
120000 296 50
120000 297 0
120000 298 0
120000 299 0
120000 300 0
120000 301 32
120000 302 0
120000 303 109
120000 304 0
120000 305 56
120000 306 0
120000 307 0
120000 308 0
120000 309 0
120000 310 0
120000 311 0
120000 312 962
120000 313 0
120000 314 0
120000 315 0
120000 316 175
120000 317 0
120000 318 55
120000 319 2
120000 320 5
120000 321 0
120000 322 0
120000 323 25
120000 324 0
120000 325 0
120000 326 5
120000 327 1
120000 328 0
120000 329 0
120000 330 0
120000 331 0
120000 332 0
120000 333 0
120000 334 965
120000 335 65
120000 336 0
120000 337 0
120000 338 50
120000 339 0
120000 340 535
120000 341 0
120000 342 0
120000 343 0
120000 344 128
120000 345 0
120000 346 0
120000 347 0
120000 348 130
120000 349 0
120000 350 2293
120000 351 0
120000 352 0
120000 353 0
120000 354 293
120000 355 0
120000 356 90
120000 357 0
120000 358 0
120000 359 11
120000 360 1
120000 361 0
120000 362 0
120000 363 0
120000 364 917
120000 365 10
120000 366 0
120000 367 0
120000 368 0
120000 369 0
120000 370 0
120000 371 346
120000 372 0
120000 373 17
120000 374 0
120000 375 0
120000 376 0
120000 377 0
120000 378 0
120000 379 0
120000 380 0
120000 381 0
120000 382 30
120000 383 0
120000 384 0
120000 385 0
120000 386 158
120000 387 617
120000 388 0
120000 389 1
120000 390 0
120000 391 0
120000 392 0
120000 393 0
120000 394 0
120000 395 15
120000 396 1650
120000 397 0
120000 398 0
120000 399 0
120000 400 0
120000 401 0
120000 402 0
120000 403 0
120000 404 0
120000 405 1163
120000 406 0
120000 407 0
120000 408 0
120000 409 0
120000 410 0
120000 411 0
120000 412 484
120000 413 428
120000 414 0
120000 415 0
120000 416 3
120000 417 0
120000 418 0
120000 419 114
120000 420 0
120000 421 0
120000 422 0
120000 423 173
120000 424 0
120000 425 0
120000 426 13
120000 427 0
120000 428 0
120000 429 0
120000 430 0
120000 431 11
120000 432 0
120000 433 0
120000 434 0
120000 435 0
120000 436 0
120000 437 0
120000 438 0
120000 439 0
120000 440 496
120000 441 148
120000 442 0
120000 443 0
120000 444 0
120000 445 0
120000 446 0
120000 447 0
120000 448 11
120000 449 0
120000 450 166
120000 451 0
120000 452 1
120000 453 0
120000 454 320
120000 455 0
120000 456 0
120000 457 0
120000 458 0
120000 459 0
120000 460 0
120000 461 0
120000 462 0
120000 463 459
120000 464 0
120000 465 26
120000 466 0
120000 467 0
120000 468 0
120000 469 0
120000 470 0
120000 471 0
120000 472 0
120000 473 0
120000 474 0
120000 475 0
120000 476 0
120000 477 0
120000 478 0
120000 479 0
120000 480 0
120000 481 948
120000 482 0
120000 483 771
120000 484 0
120000 485 0
120000 486 0
120000 487 581
120000 488 0
120000 489 0
120000 490 0
120000 491 0
120000 492 0
120000 493 0
120000 494 92
120000 495 20
120000 496 0
130000 1 614
130000 2 441
130000 3 0
130000 4 0
130000 5 0
130000 6 0
130000 7 0
130000 8 3
130000 9 0
130000 10 0
130000 11 0
130000 12 0
130000 13 0
130000 14 62
130000 15 0
130000 16 0
130000 17 0
130000 18 10
130000 19 14
130000 20 0
130000 21 0
130000 22 0
130000 23 0
130000 24 0
130000 25 0
130000 26 0
130000 27 0
130000 28 0
130000 29 13
130000 30 0
130000 31 0
130000 32 0
130000 33 744
130000 34 0
130000 35 0
130000 36 0
130000 37 0
130000 38 0
130000 39 2555
130000 40 0
130000 41 7
130000 42 0
130000 43 0
130000 44 0
130000 45 0
130000 46 0
130000 47 0
130000 48 0
130000 49 0
130000 50 0
130000 51 0
130000 52 684
130000 53 68
130000 54 1378
130000 55 101
130000 56 0
130000 57 0
130000 58 40
130000 59 0
130000 60 0
130000 61 0
130000 62 1701
130000 63 0
130000 64 0
130000 65 0
130000 66 0
130000 67 0
130000 68 0
130000 69 0
130000 70 0
130000 71 0
130000 72 0
130000 73 0
130000 74 0
130000 75 0
130000 76 0
130000 77 0
130000 78 0
130000 79 0
130000 80 209
130000 81 0
130000 82 0
130000 83 0
130000 84 1416
130000 85 0
130000 86 0
130000 87 0
130000 88 0
130000 89 937
130000 90 0
130000 91 0
130000 92 0
130000 93 0
130000 94 0
130000 95 0
130000 96 0
130000 97 0
130000 98 43
130000 99 0
130000 100 0
130000 101 0
130000 102 0
130000 103 0
130000 104 0
130000 105 2
130000 106 0
130000 107 12
130000 108 0
130000 109 88
130000 110 0
130000 111 0
130000 112 0
130000 113 5
130000 114 0
130000 115 0
130000 116 721
130000 117 11
130000 118 0
130000 119 0
130000 120 1079
130000 121 0
130000 122 0
130000 123 0
130000 124 0
130000 125 0
130000 126 0
130000 127 103
130000 128 0
130000 129 3
130000 130 426
130000 131 49
130000 132 0
130000 133 0
130000 134 265
130000 135 0
130000 136 41
130000 137 0
130000 138 0
130000 139 0
130000 140 369
130000 141 0
130000 142 0
130000 143 0
130000 144 6
130000 145 0
130000 146 885
130000 147 0
130000 148 0
130000 149 0
130000 150 37
130000 151 0
130000 152 0
130000 153 0
130000 154 484
130000 155 60
130000 156 0
130000 157 0
130000 158 40
130000 159 0
130000 160 0
130000 161 0
130000 162 0
130000 163 0
130000 164 8
130000 165 253
130000 166 0
130000 167 0
130000 168 1783
130000 169 0
130000 170 0
130000 171 801
130000 172 2349
130000 173 3
130000 174 11
130000 175 1054
130000 176 0
130000 177 731
130000 178 756
130000 179 0
130000 180 816
130000 181 0
130000 182 768
130000 183 1740
130000 184 4
130000 185 0
130000 186 2366
130000 187 39
130000 188 0
130000 189 0
130000 190 0
130000 191 0
130000 192 0
130000 193 0
130000 194 1308
130000 195 0
130000 196 0
130000 197 0
130000 198 2901
130000 199 268
130000 200 0
130000 201 0
130000 202 0
130000 203 0
130000 204 0
130000 205 104
130000 206 0
130000 207 0
130000 208 49
130000 209 0
130000 210 0
130000 211 0
130000 212 668
130000 213 0
130000 214 0
130000 215 0
130000 216 0
130000 217 1751
130000 218 37
130000 219 0
130000 220 0
130000 221 486
130000 222 0
130000 223 1113
130000 224 0
130000 225 0
130000 226 0
130000 227 0
130000 228 0
130000 229 0
130000 230 0
130000 231 276
130000 232 0
130000 233 0
130000 234 0
130000 235 0
130000 236 0
130000 237 0
130000 238 0
130000 239 253
130000 240 0
130000 241 20
130000 242 0
130000 243 527
130000 244 0
130000 245 0
130000 246 0
130000 247 0
130000 248 0
130000 249 0
130000 250 198
130000 251 0
130000 252 1
130000 253 0
130000 254 683
130000 255 9
130000 256 0
130000 257 0
130000 258 0
130000 259 0
130000 260 0
130000 261 0
130000 262 0
130000 263 0
130000 264 0
130000 265 38
130000 266 0
130000 267 0
130000 268 0
130000 269 7
130000 270 471
130000 271 0
130000 272 18
130000 273 0
130000 274 0
130000 275 0
130000 276 0
130000 277 0
130000 278 965
130000 279 0
130000 280 0
130000 281 0
130000 282 0
130000 283 0
130000 284 6
130000 285 12
130000 286 2491
130000 287 0
130000 288 0
130000 289 0
130000 290 0
130000 291 0
130000 292 3
130000 293 65
130000 294 0
130000 295 0
130000 296 51
130000 297 0
130000 298 0
130000 299 0
130000 300 0
130000 301 33
130000 302 0
130000 303 112
130000 304 0
130000 305 60
130000 306 0
130000 307 0
130000 308 0
130000 309 0
130000 310 0
130000 311 0
130000 312 1012
130000 313 0
130000 314 0
130000 315 0
130000 316 180
130000 317 0
130000 318 61
130000 319 2
130000 320 6
130000 321 0
130000 322 0
130000 323 27
130000 324 0
130000 325 0
130000 326 5
130000 327 1
130000 328 0
130000 329 0
130000 330 0
130000 331 0
130000 332 0
130000 333 0
130000 334 1024
130000 335 65
130000 336 0
130000 337 0
130000 338 51
130000 339 0
130000 340 552
130000 341 0
130000 342 0
130000 343 0
130000 344 142
130000 345 0
130000 346 0
130000 347 0
130000 348 141
130000 349 0
130000 350 2351
130000 351 0
130000 352 0
130000 353 0
130000 354 306
130000 355 0
130000 356 93
130000 357 0
130000 358 0
130000 359 11
130000 360 1
130000 361 0
130000 362 0
130000 363 0
130000 364 957
130000 365 10
130000 366 0
130000 367 0
130000 368 0
130000 369 0
130000 370 0
130000 371 359
130000 372 0
130000 373 17
130000 374 0
130000 375 0
130000 376 0
130000 377 0
130000 378 0
130000 379 0
130000 380 0
130000 381 0
130000 382 31
130000 383 0
130000 384 0
130000 385 0
130000 386 167
130000 387 639
130000 388 0
130000 389 2
130000 390 0
130000 391 0
130000 392 0
130000 393 0
130000 394 0
130000 395 19
130000 396 1715
130000 397 0
130000 398 0
130000 399 0
130000 400 0
130000 401 0
130000 402 0
130000 403 0
130000 404 0
130000 405 1215
130000 406 0
130000 407 0
130000 408 0
130000 409 0
130000 410 0
130000 411 0
130000 412 500
130000 413 455
130000 414 0
130000 415 0
130000 416 3
130000 417 0
130000 418 0
130000 419 121
130000 420 0
130000 421 0
130000 422 0
130000 423 190
130000 424 0
130000 425 0
130000 426 11
130000 427 0
130000 428 0
130000 429 0
130000 430 0
130000 431 10
130000 432 0
130000 433 0
130000 434 0
130000 435 0
130000 436 0
130000 437 0
130000 438 0
130000 439 0
130000 440 521
130000 441 147
130000 442 0
130000 443 0
130000 444 0
130000 445 0
130000 446 0
130000 447 0
130000 448 13
130000 449 0
130000 450 177
130000 451 0
130000 452 0
130000 453 0
130000 454 332
130000 455 0
130000 456 0
130000 457 0
130000 458 0
130000 459 0
130000 460 0
130000 461 0
130000 462 0
130000 463 465
130000 464 0
130000 465 28
130000 466 0
130000 467 0
130000 468 0
130000 469 0
130000 470 0
130000 471 0
130000 472 0
130000 473 0
130000 474 0
130000 475 0
130000 476 0
130000 477 0
130000 478 0
130000 479 0
130000 480 0
130000 481 1007
130000 482 0
130000 483 808
130000 484 0
130000 485 0
130000 486 0
130000 487 601
130000 488 0
130000 489 0
130000 490 0
130000 491 0
130000 492 0
130000 493 0
130000 494 100
130000 495 22
130000 496 0
140000 1 637
140000 2 453
140000 3 0
140000 4 0
140000 5 0
140000 6 0
140000 7 0
140000 8 3
140000 9 0
140000 10 0
140000 11 0
140000 12 0
140000 13 0
140000 14 66
140000 15 0
140000 16 0
140000 17 0
140000 18 10
140000 19 15
140000 20 0
140000 21 0
140000 22 0
140000 23 0
140000 24 0
140000 25 0
140000 26 0
140000 27 0
140000 28 0
140000 29 13
140000 30 0
140000 31 0
140000 32 0
140000 33 761
140000 34 0
140000 35 0
140000 36 0
140000 37 0
140000 38 0
140000 39 2585
140000 40 0
140000 41 7
140000 42 0
140000 43 0
140000 44 0
140000 45 0
140000 46 0
140000 47 0
140000 48 0
140000 49 0
140000 50 0
140000 51 0
140000 52 698
140000 53 68
140000 54 1408
140000 55 103
140000 56 0
140000 57 0
140000 58 39
140000 59 0
140000 60 0
140000 61 0
140000 62 1765
140000 63 0
140000 64 0
140000 65 0
140000 66 0
140000 67 0
140000 68 0
140000 69 0
140000 70 0
140000 71 0
140000 72 0
140000 73 0
140000 74 0
140000 75 0
140000 76 0
140000 77 0
140000 78 0
140000 79 0
140000 80 210
140000 81 0
140000 82 0
140000 83 0
140000 84 1481
140000 85 0
140000 86 0
140000 87 0
140000 88 0
140000 89 999
140000 90 0
140000 91 0
140000 92 0
140000 93 0
140000 94 0
140000 95 0
140000 96 0
140000 97 0
140000 98 47
140000 99 0
140000 100 0
140000 101 0
140000 102 0
140000 103 0
140000 104 0
140000 105 2
140000 106 0
140000 107 12
140000 108 0
140000 109 95
140000 110 0
140000 111 0
140000 112 0
140000 113 4
140000 114 0
140000 115 0
140000 116 775
140000 117 11
140000 118 0
140000 119 0
140000 120 1122
140000 121 0
140000 122 0
140000 123 0
140000 124 0
140000 125 0
140000 126 0
140000 127 106
140000 128 0
140000 129 4
140000 130 446
140000 131 50
140000 132 0
140000 133 0
140000 134 280
140000 135 0
140000 136 41
140000 137 0
140000 138 0
140000 139 0
140000 140 387
140000 141 0
140000 142 0
140000 143 0
140000 144 6
140000 145 0
140000 146 931
140000 147 0
140000 148 0
140000 149 0
140000 150 41
140000 151 0
140000 152 0
140000 153 0
140000 154 507
140000 155 64
140000 156 0
140000 157 0
140000 158 42
140000 159 0
140000 160 0
140000 161 0
140000 162 0
140000 163 0
140000 164 9
140000 165 265
140000 166 0
140000 167 0
140000 168 1858
140000 169 0
140000 170 0
140000 171 834
140000 172 2411
140000 173 4
140000 174 11
140000 175 1101
140000 176 0
140000 177 755
140000 178 784
140000 179 0
140000 180 855
140000 181 0
140000 182 812
140000 183 1776
140000 184 4
140000 185 0
140000 186 2423
140000 187 45
140000 188 0
140000 189 0
140000 190 0
140000 191 0
140000 192 0
140000 193 0
140000 194 1384
140000 195 0
140000 196 0
140000 197 0
140000 198 2958
140000 199 286
140000 200 0
140000 201 0
140000 202 0
140000 203 0
140000 204 0
140000 205 108
140000 206 0
140000 207 0
140000 208 50
140000 209 0
140000 210 0
140000 211 0
140000 212 699
140000 213 0
140000 214 0
140000 215 0
140000 216 0
140000 217 1796
140000 218 40
140000 219 0
140000 220 0
140000 221 506
140000 222 0
140000 223 1148
140000 224 0
140000 225 0
140000 226 0
140000 227 0
140000 228 0
140000 229 0
140000 230 0
140000 231 287
140000 232 0
140000 233 0
140000 234 0
140000 235 0
140000 236 0
140000 237 0
140000 238 0
140000 239 264
140000 240 0
140000 241 21
140000 242 0
140000 243 550
140000 244 0
140000 245 0
140000 246 0
140000 247 0
140000 248 0
140000 249 0
140000 250 208
140000 251 0
140000 252 1
140000 253 0
140000 254 723
140000 255 9
140000 256 0
140000 257 0
140000 258 0
140000 259 0
140000 260 0
140000 261 0
140000 262 0
140000 263 0
140000 264 0
140000 265 37
140000 266 0
140000 267 0
140000 268 0
140000 269 5
140000 270 497
140000 271 0
140000 272 17
140000 273 0
140000 274 0
140000 275 0
140000 276 0
140000 277 0
140000 278 997
140000 279 0
140000 280 0
140000 281 0
140000 282 0
140000 283 0
140000 284 6
140000 285 12
140000 286 2561
140000 287 0
140000 288 0
140000 289 0
140000 290 0
140000 291 0
140000 292 3
140000 293 67
140000 294 0
140000 295 0
140000 296 50
140000 297 0
140000 298 0
140000 299 0
140000 300 0
140000 301 34
140000 302 0
140000 303 114
140000 304 0
140000 305 61
140000 306 0
140000 307 0
140000 308 0
140000 309 0
140000 310 0
140000 311 0
140000 312 1070
140000 313 0
140000 314 0
140000 315 0
140000 316 182
140000 317 0
140000 318 59
140000 319 2
140000 320 8
140000 321 0
140000 322 0
140000 323 27
140000 324 0
140000 325 0
140000 326 6
140000 327 1
140000 328 0
140000 329 0
140000 330 0
140000 331 0
140000 332 0
140000 333 0
140000 334 1077
140000 335 69
140000 336 0
140000 337 0
140000 338 55
140000 339 0
140000 340 575
140000 341 0
140000 342 0
140000 343 0
140000 344 150
140000 345 0
140000 346 0
140000 347 0
140000 348 153
140000 349 0
140000 350 2390
140000 351 0
140000 352 0
140000 353 0
140000 354 317
140000 355 0
140000 356 89
140000 357 0
140000 358 0
140000 359 13
140000 360 1
140000 361 0
140000 362 0
140000 363 0
140000 364 1023
140000 365 11
140000 366 0
140000 367 0
140000 368 0
140000 369 0
140000 370 0
140000 371 370
140000 372 0
140000 373 19
140000 374 0
140000 375 0
140000 376 0
140000 377 0
140000 378 0
140000 379 0
140000 380 0
140000 381 0
140000 382 32
140000 383 0
140000 384 0
140000 385 0
140000 386 184
140000 387 655
140000 388 0
140000 389 2
140000 390 0
140000 391 0
140000 392 0
140000 393 0
140000 394 0
140000 395 19
140000 396 1770
140000 397 0
140000 398 0
140000 399 0
140000 400 0
140000 401 0
140000 402 0
140000 403 0
140000 404 0
140000 405 1256
140000 406 0
140000 407 0
140000 408 0
140000 409 0
140000 410 0
140000 411 0
140000 412 536
140000 413 469
140000 414 0
140000 415 0
140000 416 2
140000 417 0
140000 418 0
140000 419 129
140000 420 0
140000 421 0
140000 422 0
140000 423 200
140000 424 0
140000 425 0
140000 426 12
140000 427 0
140000 428 0
140000 429 0
140000 430 0
140000 431 8
140000 432 0
140000 433 0
140000 434 0
140000 435 0
140000 436 0
140000 437 0
140000 438 0
140000 439 0
140000 440 549
140000 441 153
140000 442 0
140000 443 0
140000 444 0
140000 445 0
140000 446 0
140000 447 0
140000 448 16
140000 449 0
140000 450 192
140000 451 0
140000 452 0
140000 453 0
140000 454 349
140000 455 0
140000 456 0
140000 457 0
140000 458 0
140000 459 0
140000 460 0
140000 461 0
140000 462 0
140000 463 478
140000 464 0
140000 465 31
140000 466 0
140000 467 0
140000 468 0
140000 469 0
140000 470 0
140000 471 0
140000 472 0
140000 473 0
140000 474 0
140000 475 0
140000 476 0
140000 477 0
140000 478 0
140000 479 0
140000 480 0
140000 481 1075
140000 482 0
140000 483 826
140000 484 0
140000 485 0
140000 486 0
140000 487 618
140000 488 0
140000 489 0
140000 490 0
140000 491 0
140000 492 0
140000 493 0
140000 494 102
140000 495 23
140000 496 0
150000 1 668
150000 2 465
150000 3 0
150000 4 0
150000 5 0
150000 6 0
150000 7 0
150000 8 2
150000 9 0
150000 10 0
150000 11 0
150000 12 0
150000 13 0
150000 14 70
150000 15 0
150000 16 0
150000 17 0
150000 18 10
150000 19 14
150000 20 0
150000 21 0
150000 22 0
150000 23 0
150000 24 0
150000 25 0
150000 26 0
150000 27 0
150000 28 0
150000 29 13
150000 30 0
150000 31 0
150000 32 0
150000 33 792
150000 34 0
150000 35 0
150000 36 0
150000 37 0
150000 38 0
150000 39 2664
150000 40 0
150000 41 7
150000 42 0
150000 43 0
150000 44 0
150000 45 0
150000 46 0
150000 47 0
150000 48 0
150000 49 0
150000 50 0
150000 51 0
150000 52 709
150000 53 71
150000 54 1457
150000 55 105
150000 56 0
150000 57 0
150000 58 47
150000 59 0
150000 60 0
150000 61 0
150000 62 1805
150000 63 0
150000 64 0
150000 65 0
150000 66 0
150000 67 0
150000 68 0
150000 69 0
150000 70 0
150000 71 0
150000 72 0
150000 73 0
150000 74 0
150000 75 0
150000 76 0
150000 77 0
150000 78 0
150000 79 0
150000 80 210
150000 81 0
150000 82 0
150000 83 0
150000 84 1555
150000 85 0
150000 86 0
150000 87 0
150000 88 0
150000 89 1035
150000 90 0
150000 91 0
150000 92 0
150000 93 0
150000 94 0
150000 95 0
150000 96 0
150000 97 0
150000 98 53
150000 99 0
150000 100 0
150000 101 0
150000 102 0
150000 103 0
150000 104 0
150000 105 2
150000 106 0
150000 107 14
150000 108 0
150000 109 100
150000 110 0
150000 111 0
150000 112 0
150000 113 6
150000 114 0
150000 115 0
150000 116 823
150000 117 11
150000 118 0
150000 119 0
150000 120 1155
150000 121 0
150000 122 0
150000 123 0
150000 124 0
150000 125 0
150000 126 0
150000 127 106
150000 128 0
150000 129 4
150000 130 452
150000 131 49
150000 132 0
150000 133 0
150000 134 300
150000 135 0
150000 136 41
150000 137 0
150000 138 0
150000 139 0
150000 140 399
150000 141 0
150000 142 0
150000 143 0
150000 144 5
150000 145 0
150000 146 972
150000 147 0
150000 148 0
150000 149 0
150000 150 42
150000 151 0
150000 152 0
150000 153 0
150000 154 521
150000 155 72
150000 156 0
150000 157 0
150000 158 45
150000 159 0
150000 160 0
150000 161 0
150000 162 0
150000 163 0
150000 164 9
150000 165 273
150000 166 0
150000 167 0
150000 168 1921
150000 169 0
150000 170 0
150000 171 874
150000 172 2460
150000 173 4
150000 174 12
150000 175 1125
150000 176 0
150000 177 777
150000 178 835
150000 179 0
150000 180 898
150000 181 0
150000 182 850
150000 183 1817
150000 184 4
150000 185 0
150000 186 2447
150000 187 47
150000 188 0
150000 189 0
150000 190 0
150000 191 0
150000 192 0
150000 193 0
150000 194 1422
150000 195 0
150000 196 0
150000 197 0
150000 198 3032
150000 199 302
150000 200 0
150000 201 0
150000 202 0
150000 203 0
150000 204 0
150000 205 114
150000 206 0
150000 207 0
150000 208 54
150000 209 0
150000 210 0
150000 211 0
150000 212 744
150000 213 0
150000 214 0
150000 215 0
150000 216 0
150000 217 1865
150000 218 39
150000 219 0
150000 220 0
150000 221 528
150000 222 0
150000 223 1189
150000 224 0
150000 225 0
150000 226 0
150000 227 0
150000 228 0
150000 229 0
150000 230 0
150000 231 298
150000 232 0
150000 233 0
150000 234 0
150000 235 0
150000 236 0
150000 237 0
150000 238 0
150000 239 268
150000 240 0
150000 241 25
150000 242 0
150000 243 576
150000 244 0
150000 245 0
150000 246 0
150000 247 0
150000 248 0
150000 249 0
150000 250 219
150000 251 0
150000 252 1
150000 253 0
150000 254 763
150000 255 9
150000 256 0
150000 257 0
150000 258 0
150000 259 0
150000 260 0
150000 261 0
150000 262 0
150000 263 0
150000 264 0
150000 265 39
150000 266 0
150000 267 0
150000 268 0
150000 269 5
150000 270 517
150000 271 0
150000 272 18
150000 273 0
150000 274 0
150000 275 0
150000 276 0
150000 277 0
150000 278 1045
150000 279 0
150000 280 0
150000 281 0
150000 282 0
150000 283 0
150000 284 8
150000 285 11
150000 286 2616
150000 287 0
150000 288 0
150000 289 0
150000 290 0
150000 291 0
150000 292 4
150000 293 70
150000 294 0
150000 295 0
150000 296 56
150000 297 0
150000 298 0
150000 299 0
150000 300 0
150000 301 38
150000 302 0
150000 303 120
150000 304 0
150000 305 64
150000 306 0
150000 307 0
150000 308 0
150000 309 0
150000 310 0
150000 311 0
150000 312 1114
150000 313 0
150000 314 0
150000 315 0
150000 316 184
150000 317 0
150000 318 58
150000 319 2
150000 320 8
150000 321 0
150000 322 0
150000 323 26
150000 324 0
150000 325 0
150000 326 8
150000 327 1
150000 328 0
150000 329 0
150000 330 0
150000 331 0
150000 332 0
150000 333 0
150000 334 1118
150000 335 69
150000 336 0
150000 337 0
150000 338 53
150000 339 0
150000 340 595
150000 341 0
150000 342 0
150000 343 0
150000 344 155
150000 345 0
150000 346 0
150000 347 0
150000 348 159
150000 349 0
150000 350 2452
150000 351 0
150000 352 0
150000 353 0
150000 354 337
150000 355 0
150000 356 92
150000 357 0
150000 358 0
150000 359 15
150000 360 1
150000 361 0
150000 362 0
150000 363 0
150000 364 1051
150000 365 12
150000 366 0
150000 367 0
150000 368 0
150000 369 0
150000 370 0
150000 371 394
150000 372 0
150000 373 19
150000 374 0
150000 375 0
150000 376 0
150000 377 0
150000 378 0
150000 379 0
150000 380 0
150000 381 0
150000 382 32
150000 383 0
150000 384 0
150000 385 0
150000 386 187
150000 387 660
150000 388 0
150000 389 2
150000 390 0
150000 391 0
150000 392 0
150000 393 0
150000 394 1
150000 395 18
150000 396 1815
150000 397 0
150000 398 0
150000 399 0
150000 400 0
150000 401 0
150000 402 0
150000 403 0
150000 404 0
150000 405 1326
150000 406 0
150000 407 0
150000 408 0
150000 409 0
150000 410 0
150000 411 0
150000 412 551
150000 413 479
150000 414 0
150000 415 0
150000 416 2
150000 417 0
150000 418 0
150000 419 137
150000 420 0
150000 421 0
150000 422 0
150000 423 213
150000 424 0
150000 425 0
150000 426 14
150000 427 0
150000 428 0
150000 429 0
150000 430 0
150000 431 10
150000 432 0
150000 433 0
150000 434 0
150000 435 0
150000 436 0
150000 437 0
150000 438 0
150000 439 0
150000 440 587
150000 441 158
150000 442 0
150000 443 0
150000 444 0
150000 445 0
150000 446 0
150000 447 0
150000 448 18
150000 449 0
150000 450 206
150000 451 0
150000 452 0
150000 453 0
150000 454 370
150000 455 0
150000 456 0
150000 457 0
150000 458 0
150000 459 0
150000 460 0
150000 461 0
150000 462 0
150000 463 495
150000 464 0
150000 465 32
150000 466 0
150000 467 0
150000 468 0
150000 469 0
150000 470 0
150000 471 0
150000 472 0
150000 473 0
150000 474 0
150000 475 0
150000 476 0
150000 477 0
150000 478 0
150000 479 0
150000 480 0
150000 481 1100
150000 482 0
150000 483 861
150000 484 0
150000 485 0
150000 486 0
150000 487 643
150000 488 0
150000 489 0
150000 490 0
150000 491 0
150000 492 0
150000 493 0
150000 494 104
150000 495 24
150000 496 0
